 0.133333 0.7 0 0.0666667 0.1 0 0
 0 0.0666667 0.166667 0.233333 0.133333 0.233333 0.166667
 0.1 0.1 0.533333 0 0.133333 0 0.133333
 0 0 0 0.666667 0 0.266667 0.0666667
 0 0 0.1 0 0.9 0 0
 0.0222222 0.377778 0.522222 0 0.0777778 0 0
 0.0333333 0.0333333 0.266667 0 0.2 0.133333 0.333333
 0 0.133333 0.133333 0.0888889 0.2 0.155556 0.288889
 0.0222222 0.0888889 0.0666667 0.0888889 0.0666667 0.2 0.466667
 0.0988889 0.232222 0.498889 0 0.143333 0.0266667 0
 0.0333333 0.0666667 0 0.0333333 0.766667 0 0.1
 0 0 0.433333 0 0.166667 0.0666667 0.333333
 0 0.0666667 0 0.0333333 0.833333 0 0.0666667
 0 0 0.122222 0.344444 0.0222222 0.344444 0.166667
 0 0 0 0.622222 0 0.188889 0.188889
 0 0 0 0.366667 0.0222222 0.433333 0.177778
 0.522222 0.0333333 0.133333 0 0.0888889 0.0333333 0.188889
 0 0 0 0.544444 0.0888889 0.144444 0.222222
 0 0 0.0666667 0.566667 0 0.166667 0.2
 0 0.0666667 0.1 0.0666667 0.0666667 0.233333 0.466667
 0.0666667 0.366667 0.166667 0.0333333 0 0.1 0.266667
 0 0 0.3 0.133333 0 0.233333 0.333333
 0 0 0.0666667 0 0.266667 0.0666667 0.6
 0 0.333333 0.0666667 0 0.2 0 0.4
 0.0666667 0.0666667 0.0666667 0.2 0.0666667 0.0666667 0.466667
 0.0666667 0.0666667 0.0666667 0.266667 0.0666667 0.2 0.266667
 0.0666667 0.1 0.833333 0 0 0 0
 0 0 0 0.566667 0 0.233333 0.2
 0.133333 0.1 0.0666667 0.266667 0 0.3 0.133333
 0.0333333 0.0666667 0.4 0 0.433333 0 0.0666667
 0 0.0333333 0 0.233333 0.266667 0.133333 0.333333
 0.0666667 0.433333 0.2 0.0666667 0.233333 0 0
 0 0.2 0.2 0 0.433333 0 0.166667
 0 0 0.1 0.4 0.0333333 0.266667 0.2
 0 0 0.0333333 0.0666667 0.633333 0.0666667 0.2
 0 0.0333333 0 0.3 0 0.166667 0.5
 0.1 0.333333 0 0 0.1 0.0666667 0.4
 0 0 0 0.866667 0 0.133333 0
 0 0.266667 0.1 0.0666667 0.0333333 0.0333333 0.5
 0.0888889 0 0.522222 0.0333333 0.0666667 0.155556 0.133333
 0 0.188889 0.322222 0 0.133333 0.0222222 0.333333
 0 0.0666667 0 0.288889 0.133333 0.0888889 0.422222
 0.0888889 0.388889 0.0555556 0 0.366667 0 0.1
 0.0333333 0.4 0.466667 0 0.0333333 0.0666667 0
 0.0666667 0 0 0.388889 0 0.188889 0.355556
 0 0 0 0.566667 0.0666667 0.3 0.0666667
 0 0 0 0.6 0 0.266667 0.133333
 0 0.0666667 0 0.2 0.266667 0.2 0.266667
 0 0.1 0.266667 0.133333 0.0666667 0.233333 0.2
 0 0 0.0888889 0.322222 0.0666667 0.388889 0.133333
 0 0.1 0.133333 0 0.633333 0.0666667 0.0666667
 0.0666667 0 0.5 0.0666667 0.0666667 0.1 0.2
 0.0666667 0.0666667 0 0.2 0.2 0.2 0.266667
 0.0666667 0.1 0.366667 0.133333 0.0666667 0.0666667 0.2
 0 0 0.1 0.366667 0 0.4 0.133333
 0.438889 0.05 0.172222 0.0666667 0.138889 0.0666667 0.0666667
 0 0 0 0.633333 0 0.166667 0.2
 0.0666667 0.0888889 0.455556 0 0.188889 0.0666667 0.133333
 0.0888889 0.0333333 0.188889 0.0666667 0.155556 0 0.466667
 0.0888889 0.433333 0.255556 0 0.0888889 0.0666667 0.0666667
 0.0333333 0.0166667 0.216667 0.166667 0.25 0.0333333 0.283333
 0.0888889 0.411111 0.211111 0.0666667 0.0888889 0 0.133333
 0.0666667 0.0833333 0.516667 0 0.0166667 0.133333 0.183333
 0.0666667 0 0.133333 0.3 0 0.333333 0.166667
 0 0.133333 0.0666667 0.0666667 0.2 0.0666667 0.466667
 0 0.166667 0.166667 0.0666667 0.0666667 0.166667 0.366667
 0 0.0666667 0 0.566667 0 0.0666667 0.3
 0.0666667 0.233333 0 0.133333 0.0666667 0.0333333 0.466667
 0 0 0.0333333 0 0.866667 0 0.1
 0 0.3 0.2 0.0666667 0 0.233333 0.2
 0 0 0.366667 0.233333 0.0666667 0.133333 0.2
 0 0.0666667 0 0.3 0 0.1 0.533333
 0.322222 0.0388889 0.411111 0 0.211111 0.0166667 0
 0 0.0666667 0.177778 0 0.677778 0.0777778 0
 0.0333333 0.333333 0.333333 0 0.133333 0.166667 0
 0 0.0666667 0 0.366667 0 0.433333 0.133333
 0 0 0 0.655556 0 0.288889 0.0555556
 0.111111 0.0888889 0.122222 0.0333333 0.244444 0.133333 0.266667
 0 0.388889 0.0333333 0.0222222 0.355556 0.0333333 0.166667
 0 0.1 0.155556 0 0.522222 0.0555556 0.166667
 0 0.166667 0.283333 0.0222222 0.205556 0.172222 0.15
 0.283333 0.138889 0.183333 0 0.305556 0.0222222 0.0666667
 0 0.233333 0.1 0 0.0333333 0 0.633333
 0 0 0.166667 0.266667 0.1 0.266667 0.2
 0 0.166667 0 0.266667 0 0.233333 0.333333
 0 0.0333333 0.0666667 0 0.733333 0 0.166667
 0 0.0666667 0.333333 0.166667 0.1 0.166667 0.166667
 0 0 0.533333 0.0666667 0.1 0.133333 0.166667
 0 0 0.0666667 0.5 0.0666667 0.166667 0.2
 0 0 0 0.566667 0 0.2 0.233333
 0.0333333 0.488889 0.188889 0 0.288889 0 0
 0 0.188889 0.0555556 0.4 0 0.188889 0.166667
 0.0555556 0.3 0.388889 0 0.0222222 0.0333333 0.2
 0 0.1 0.1 0.2 0.2 0.0333333 0.366667
 0.0222222 0 0.522222 0 0.388889 0.0333333 0.0333333
 0 0 0.133333 0.533333 0.0666667 0.0666667 0.2
 0.0555556 0.1 0.455556 0 0.355556 0.0333333 0
 0.322222 0.0666667 0.422222 0.0666667 0.0888889 0.0333333 0
 0 0 0 0.733333 0 0.1 0.166667
 0.177778 0.188889 0.211111 0.133333 0.0222222 0.133333 0.133333
 0.0666667 0 0 0.266667 0.133333 0.166667 0.366667
 0 0 0.0666667 0.266667 0.1 0.166667 0.4
 0.0555556 0.0555556 0.222222 0.0333333 0 0.366667 0.266667
 0.0666667 0 0 0.433333 0.133333 0.2 0.166667
 0.05 0.183333 0.283333 0 0.25 0.166667 0.0666667
 0.25 0.183333 0.45 0 0.0166667 0.1 0
 0.0333333 0.0333333 0.133333 0.266667 0 0.3 0.233333
 0 0.0333333 0.133333 0.0333333 0.666667 0.1 0.0333333
 0.0666667 0.133333 0.233333 0.133333 0.133333 0.0666667 0.233333
 0 0 0.0666667 0.333333 0.0666667 0.166667 0.366667
 0 0.0333333 0.533333 0.0666667 0.0666667 0.2 0.1
 0.455556 0.0666667 0.388889 0 0 0.0555556 0.0333333
 0.0333333 0.133333 0.0666667 0.5 0 0.1 0.166667
 0.0333333 0.4 0.3 0 0.1 0 0.166667
 0.0666667 0.5 0.2 0 0.0666667 0 0.166667
 0.0666667 0.0666667 0.2 0.366667 0 0.233333 0.0666667
 0.0666667 0 0 0.3 0.2 0 0.433333
 0 0.2 0.0666667 0.0333333 0.166667 0.1 0.433333
 0 0.0666667 0.0666667 0.4 0.0666667 0.266667 0.133333
 0 0 0.0222222 0.388889 0.0666667 0.422222 0.1
 0 0.0666667 0.0666667 0.455556 0.0555556 0.255556 0.1
 0.0222222 0.133333 0.0222222 0.1 0.488889 0.1 0.133333
 0.0888889 0.0333333 0.0555556 0.233333 0.122222 0.166667 0.3
 0 0.1 0.0666667 0.0666667 0.2 0.3 0.266667
 0 0 0 0.422222 0 0.488889 0.0888889
 0.0833333 0.333333 0.283333 0 0.0833333 0.0833333 0.133333
 0 0.2 0 0.466667 0 0.266667 0.0666667
 0.116667 0.0166667 0.216667 0 0.583333 0 0.0666667
 0.0333333 0.0666667 0 0.233333 0.433333 0.1 0.133333
 0.0222222 0.355556 0 0 0.0666667 0.0888889 0.466667
 0 0.0666667 0 0.422222 0.133333 0.222222 0.155556
 0.133333 0.133333 0.2 0.133333 0.2 0.0666667 0.133333
 0.0166667 0.05 0.333333 0.216667 0.2 0.0166667 0.166667
 0.0333333 0.0333333 0.133333 0.4 0.266667 0.133333 0
 0 0 0 0.566667 0.133333 0.3 0
 0 0.133333 0.0333333 0.233333 0.2 0.233333 0.166667
 0 0 0 0.5 0 0.2 0.3
 0 0 0.0333333 0.0666667 0.533333 0.133333 0.233333
 0.133333 0.566667 0 0 0.0333333 0 0.266667
 0.0666667 0.133333 0.433333 0.0666667 0 0.233333 0.0666667
 0 0.1 0 0 0.8 0.0666667 0.0333333
 0 0.222222 0.322222 0.1 0 0.155556 0.2
 0 0 0.133333 0.4 0 0.3 0.166667
 0 0 0.0666667 0.388889 0.0666667 0.322222 0.155556
 0.0666667 0.2 0.2 0.1 0.0666667 0.0666667 0.3
 0 0.133333 0.0333333 0.166667 0.1 0.233333 0.333333
 0.0833333 0.55 0.166667 0 0.15 0.0333333 0.0166667
 0 0.0666667 0.0333333 0.133333 0.2 0.0666667 0.5
 0 0 0.1 0.333333 0.2 0.0666667 0.3
 0 0 0 0.0666667 0.8 0.0333333 0.1
 0 0.0333333 0 0.7 0 0.166667 0.1
 0.0666667 0.433333 0.1 0.0666667 0.0222222 0.0222222 0.288889
 0 0.133333 0.0666667 0 0.3 0.0333333 0.466667
 0.0333333 0.0333333 0.3 0.2 0.0333333 0.1 0.3
 0 0 0 0.733333 0 0.166667 0.1
 0.588889 0 0.355556 0.0333333 0.0222222 0 0
 0 0 0 0.466667 0 0.333333 0.2
 0 0 0 0.466667 0 0.166667 0.366667
 0.0333333 0.433333 0.3 0 0.166667 0 0.0666667
 0.0555556 0 0.0555556 0.0333333 0.755556 0 0.1
 0 0 0.0333333 0.0333333 0.9 0 0.0333333
 0 0 0.122222 0.4 0.0222222 0.322222 0.133333
 0.0666667 0 0.433333 0.0666667 0.233333 0.0666667 0.133333
 0.0555556 0.0222222 0.5 0 0.222222 0.0666667 0.133333
 0 0 0 0.633333 0 0.1 0.266667
 0.166667 0.122222 0.4 0 0.0888889 0.0222222 0.2
 0.0222222 0.333333 0.333333 0.0666667 0.0222222 0.0555556 0.166667
 0.0222222 0.133333 0.0888889 0.1 0.133333 0.122222 0.4
 0.133333 0.0333333 0.433333 0.0333333 0.0666667 0.166667 0.133333
 0.0222222 0.4 0.0888889 0 0.133333 0.0222222 0.333333
 0 0.355556 0.155556 0 0.4 0.0222222 0.0666667
 0 0 0 0.466667 0.133333 0.133333 0.266667
 0.0666667 0.633333 0.0666667 0 0.0333333 0 0.2
 0 0 0 0.7 0 0.166667 0.133333
 0 0 0 0.622222 0 0.188889 0.188889
 0 0 0.122222 0.166667 0.0333333 0.488889 0.188889
 0 0 0 0.2 0.166667 0.1 0.533333
 0 0 0.188889 0.0333333 0.288889 0.188889 0.3
 0 0 0 0.566667 0 0.166667 0.266667
 0 0.0666667 0.1 0 0.0666667 0 0.766667
 0 0.0666667 0.2 0.2 0 0.1 0.433333
 0 0.144444 0.544444 0 0.0444444 0.133333 0.133333
 0 0 0 0.533333 0 0.166667 0.3
 0.0555556 0.333333 0.5 0 0.0222222 0.0222222 0.0666667
 0 0 0 0.0333333 0 0.266667 0.7
 0 0 0 0.122222 0.288889 0.188889 0.4
 0 0 0.133333 0.0666667 0.166667 0.0666667 0.566667
 0.0666667 0 0.1 0.233333 0 0.266667 0.333333
 0.133333 0.7 0 0 0.133333 0.0333333 0
 0 0.133333 0 0.533333 0 0.233333 0.1
 0.0222222 0 0.122222 0 0.722222 0 0.133333
 0 0 0.0888889 0.4 0.222222 0.222222 0.0666667
 0.0222222 0 0.222222 0.233333 0 0.188889 0.333333
 0.0555556 0.322222 0.0888889 0 0.177778 0.288889 0.0666667
 0.0333333 0.0666667 0.0555556 0.388889 0 0.355556 0.1
 0 0.0333333 0.1 0.188889 0.1 0.322222 0.255556
 0.15 0 0.583333 0.0666667 0.05 0.0833333 0.0666667
 0.0222222 0 0.0222222 0.355556 0.0222222 0.422222 0.155556
 0 0.0666667 0.233333 0.133333 0.0333333 0.133333 0.4
 0 0 0.0333333 0.433333 0 0.233333 0.3
 0 0 0 0.588889 0 0.188889 0.222222
 0 0.477778 0.111111 0 0.188889 0 0.222222
 0.166667 0.666667 0 0 0.0333333 0 0.133333
 0 0.133333 0.166667 0 0.166667 0.3 0.233333
 0.0222222 0.0666667 0.1 0 0.688889 0.0222222 0.1
 0.0333333 0.166667 0.233333 0 0.233333 0.166667 0.166667
 0 0 0 0.6 0 0.133333 0.266667
 0 0.0333333 0 0.2 0.233333 0.466667 0.0666667
 0 0 0.1 0.433333 0 0.233333 0.233333
 0 0.0666667 0.0666667 0.433333 0.0666667 0.133333 0.233333
 0 0.1 0.133333 0.3 0.166667 0.0333333 0.266667
 0.0222222 0 0.0888889 0 0.688889 0 0.2
 0.0222222 0.1 0.488889 0 0.155556 0.2 0.0333333
 0 0 0.133333 0.566667 0 0.166667 0.133333
 0.0333333 0.422222 0.255556 0 0 0.0222222 0.266667
 0 0 0 0.566667 0 0.233333 0.2
 0.0666667 0.0333333 0.733333 0 0.1 0 0.0666667
 0.0333333 0.0555556 0.155556 0.1 0.0333333 0.355556 0.266667
 0.0666667 0 0 0.6 0 0.166667 0.166667
 0 0.0666667 0 0.533333 0 0.133333 0.266667
 0.166667 0.222222 0.0888889 0.166667 0 0.0888889 0.266667
 0 0 0 0.733333 0 0.166667 0.1
 0 0 0 0.3 0.2 0.166667 0.333333
 0.0333333 0.2 0.166667 0.1 0.4 0.0333333 0.0666667
 0.1 0.122222 0.0777778 0 0.633333 0 0.0666667
 0.0666667 0.0333333 0 0.433333 0 0.1 0.366667
 0.0333333 0 0.1 0.533333 0 0.133333 0.2
 0 0 0 0.766667 0.1 0.0666667 0.0666667
 0 0 0.366667 0.3 0.1 0.166667 0.0666667
 0.0333333 0 0 0.666667 0 0.2 0.1
 0 0 0 0.633333 0.0666667 0.233333 0.0666667
 0 0 0.2 0.3 0.1 0.166667 0.233333
 0 0.1 0.3 0 0.266667 0.133333 0.2
 0 0 0 0.6 0 0.333333 0.0666667
 0.133333 0 0.366667 0.1 0.0666667 0.266667 0.0666667
 0 0 0 0.3 0.466667 0.133333 0.1
 0 0.0666667 0.133333 0.4 0 0.333333 0.0666667
 0.0444444 0.577778 0.0777778 0 0.111111 0.0666667 0.122222
 0.0555556 0.555556 0.155556 0 0.1 0 0.133333
 0 0 0 0.522222 0.0222222 0.188889 0.266667
 0.0833333 0.305556 0.183333 0 0.138889 0.0555556 0.233333
 0.0666667 0.0222222 0.566667 0.0222222 0.0333333 0.188889 0.1
 0 0.0666667 0.3 0.166667 0.166667 0.0666667 0.233333
 0 0 0 0.6 0 0.2 0.2
 0.0333333 0.566667 0.122222 0.0888889 0 0.0333333 0.155556
 0.166667 0.0333333 0.722222 0 0.0555556 0.0222222 0
 0 0.0333333 0.0555556 0.188889 0.188889 0.133333 0.4
 0 0 0.155556 0.422222 0.0666667 0.255556 0.1
 0 0.655556 0.0222222 0.0333333 0.255556 0.0333333 0
 0 0 0 0.7 0 0.133333 0.166667
 0 0.0333333 0.0333333 0 0.833333 0 0.1
 0 0 0.0666667 0.6 0 0.233333 0.1
 0.0333333 0.4 0.133333 0.0666667 0 0.166667 0.2
 0 0 0 0.466667 0.0333333 0.2 0.3
 0 0 0 0.8 0 0.1 0.1
 0.0333333 0.2 0.0666667 0.2 0 0.0333333 0.466667
 0.0222222 0 0 0.755556 0 0.0555556 0.166667
 0 0 0 0.7 0 0.266667 0.0333333
 0 0.0666667 0.133333 0.366667 0.0333333 0.1 0.3
 0 0.1 0.1 0.266667 0.0333333 0.1 0.4
 0 0.4 0.0666667 0.0666667 0.133333 0 0.333333
 0 0 0 0.633333 0 0.133333 0.233333
 0 0 0 0.666667 0 0.0333333 0.3
 0 0.666667 0.166667 0 0.0666667 0.0333333 0.0666667
 0 0 0.366667 0.2 0.1 0.0666667 0.266667
 0 0.0666667 0.233333 0.3 0 0.333333 0.0666667
 0 0.0666667 0 0.3 0.266667 0.166667 0.2
 0 0 0.0333333 0 0.766667 0.133333 0.0666667
 0 0 0.0666667 0 0.766667 0 0.166667
 0 0 0 0.666667 0 0.133333 0.2
 0 0.222222 0.255556 0 0.122222 0.1 0.3
 0.0166667 0.0833333 0.383333 0 0.05 0.0666667 0.4
 0.3 0.2 0.266667 0.0333333 0.133333 0 0.0666667
 0.0222222 0.322222 0.433333 0 0.0888889 0 0.133333
 0.0666667 0 0.433333 0 0.133333 0.1 0.266667
 0.0666667 0 0.4 0.133333 0.1 0.133333 0.166667
 0 0 0 0.566667 0 0.2 0.233333
 0.0333333 0.0666667 0.2 0 0.5 0 0.2
 0 0 0.3 0.3 0 0.266667 0.133333
 0 0.0333333 0.233333 0.466667 0 0.2 0.0666667
 0 0 0.0555556 0.522222 0.1 0.122222 0.2
 0 0 0 0.533333 0 0.3 0.166667
 0 0 0.1 0 0.9 0 0
 0 0.266667 0.6 0 0 0.0666667 0.0666667
 0.0777778 0.288889 0.0333333 0 0.511111 0.0888889 0
 0 0.133333 0.0666667 0.166667 0 0.233333 0.4
 0 0.0666667 0.0666667 0 0.866667 0 0
 0 0.0666667 0 0.388889 0.0222222 0.366667 0.155556
 0 0 0 0.688889 0 0.188889 0.122222
 0 0.0333333 0.6 0 0.1 0 0.266667
 0 0.133333 0.133333 0.133333 0.0666667 0.133333 0.4
 0 0 0.1 0.0666667 0.0333333 0.266667 0.533333
 0.133333 0 0.2 0.0666667 0 0.4 0.2
 0.0666667 0.6 0 0 0 0.0666667 0.266667
 0 0.0333333 0.1 0.0666667 0.733333 0 0.0666667
 0.255556 0.455556 0 0.0666667 0.155556 0 0.0666667
 0 0.0222222 0.255556 0.133333 0.122222 0.2 0.266667
 0.05 0.116667 0.416667 0 0.35 0 0.0666667
 0.133333 0.122222 0.688889 0 0.0222222 0.0333333 0
 0 0.1 0 0.433333 0.0666667 0.2 0.2
 0 0 0 0.0666667 0.833333 0 0.1
 0 0 0 0.466667 0.0333333 0.133333 0.366667
 0 0 0 0.666667 0 0.333333 0
 0 0.0666667 0 0.4 0 0.466667 0.0666667
 0 0.0555556 0.255556 0.0666667 0.388889 0.1 0.133333
 0 0.166667 0 0.333333 0 0.0666667 0.433333
 0.0333333 0.533333 0.1 0 0 0 0.333333
 0 0 0 0.433333 0.0666667 0.233333 0.266667
 0.0666667 0.0666667 0.433333 0.0666667 0 0.1 0.266667
 0.0666667 0 0.3 0.233333 0 0.133333 0.266667
 0.133333 0 0.5 0 0.266667 0 0.1
 0 0.0333333 0 0 0.833333 0 0.133333
 0.0166667 0.272222 0.472222 0 0.138889 0.0333333 0.0666667
 0 0.0666667 0.3 0.0666667 0 0.3 0.266667
 0 0 0 0.366667 0 0.3 0.333333
 0 0 0 0.4 0.133333 0.366667 0.1
 0.0333333 0.566667 0.0666667 0.0666667 0 0 0.266667
 0.0333333 0.0333333 0.3 0.0666667 0.1 0 0.466667
 0 0 0 0.0333333 0.733333 0.0666667 0.166667
 0 0 0 0.388889 0.0666667 0.422222 0.122222
 0 0 0.233333 0.2 0 0.3 0.266667
 0.222222 0.0222222 0.266667 0 0.255556 0.2 0.0333333
 0 0 0 0.7 0.133333 0.0666667 0.1
 0 0.0666667 0.133333 0.0666667 0.333333 0.0333333 0.366667
 0.0666667 0 0.1 0 0.8 0 0.0333333
 0.1 0.2 0.222222 0 0.222222 0.2 0.0555556
 0 0 0 0.633333 0 0.166667 0.2
 0.0222222 0.0888889 0.133333 0.1 0.0666667 0.0333333 0.555556
 0 0 0 0.1 0.2 0.166667 0.533333
 0 0.5 0 0.0333333 0.133333 0.1 0.233333
 0.0333333 0.0333333 0.433333 0.0333333 0 0.1 0.366667
 0.366667 0.0666667 0.133333 0 0.0666667 0.0666667 0.3
 0 0.4 0.233333 0 0.0666667 0 0.3
 0 0 0 0.666667 0 0.266667 0.0666667
 0 0.0666667 0.4 0 0.533333 0 0
 0 0.0666667 0 0.666667 0 0.133333 0.133333
 0 0.0333333 0 0.133333 0.166667 0.333333 0.333333
 0.0666667 0.355556 0.288889 0 0.0666667 0.0888889 0.133333
 0 0.0666667 0 0.566667 0 0.266667 0.1
 0.0222222 0.0222222 0.0666667 0 0.888889 0 0
 0 0 0 0.133333 0.133333 0.233333 0.5
 0.0666667 0 0.233333 0.0333333 0.1 0.3 0.266667
 0.0833333 0.0166667 0.05 0.644444 0 0.161111 0.0444444
 0 0.0666667 0.1 0.0666667 0.666667 0 0.1
 0 0.2 0 0.166667 0 0.233333 0.4
 0.0333333 0 0.0666667 0.222222 0.188889 0.0333333 0.455556
 0.0333333 0.566667 0.133333 0 0.0666667 0 0.2
 0.133333 0.1 0.233333 0.0666667 0 0.133333 0.333333
 0.0333333 0.233333 0.1 0 0.3 0.133333 0.2
 0 0 0 0.888889 0 0.0888889 0.0222222
 0 0 0.2 0.166667 0.266667 0.0666667 0.3
 0 0 0 0.566667 0.0666667 0.0666667 0.3
 0 0 0 0.266667 0.233333 0.166667 0.333333
 0.0222222 0.1 0.255556 0.133333 0.1 0.155556 0.233333
 0 0 0.0666667 0.5 0 0.266667 0.166667
 0.0333333 0 0.266667 0 0.566667 0.133333 0
 0 0.466667 0.166667 0.0666667 0.133333 0.166667 0
 0 0.0666667 0 0.322222 0.0666667 0.322222 0.222222
 0 0 0 0.5 0.0666667 0.366667 0.0666667
 0 0 0.0666667 0.566667 0 0.233333 0.133333
 0 0 0 0.822222 0 0.155556 0.0222222
 0.0666667 0.133333 0.0333333 0.2 0.1 0.0666667 0.4
 0 0.166667 0.333333 0.0666667 0.0666667 0.166667 0.2
 0.0666667 0.266667 0.133333 0 0 0.133333 0.4
 0 0.0666667 0 0.2 0.366667 0.0666667 0.3
 0.0222222 0 0.455556 0.1 0.122222 0.266667 0.0333333
 0 0.0333333 0.0666667 0.477778 0.0222222 0.288889 0.111111
 0 0.366667 0.2 0.0666667 0.0666667 0.0666667 0.233333
 0.0666667 0 0.633333 0 0.0666667 0.0666667 0.166667
 0.0888889 0.0666667 0 0.222222 0.588889 0 0.0333333
 0.0666667 0.0666667 0.166667 0.0333333 0.333333 0 0.333333
 0.366667 0 0.4 0 0.0666667 0.166667 0
 0 0 0.0666667 0.733333 0.0666667 0.1 0.0333333
 0.0666667 0.0666667 0 0.388889 0.0666667 0.322222 0.0888889
 0.0222222 0.0666667 0.222222 0.5 0 0.122222 0.0666667
 0.0333333 0.133333 0 0.133333 0.566667 0.0666667 0.0666667
 0 0 0 0.666667 0 0.133333 0.2
 0 0 0.133333 0.233333 0 0.3 0.333333
 0 0 0 0.633333 0 0.333333 0.0333333
 0 0 0 0.433333 0.133333 0.266667 0.166667
 0 0.133333 0.2 0.233333 0.133333 0.1 0.2
 0.0222222 0 0.0888889 0 0.888889 0 0
 0 0.0666667 0.1 0.5 0 0.0333333 0.3
 0 0.366667 0.0333333 0.2 0.0666667 0.0333333 0.3
 0 0.422222 0.188889 0 0.322222 0 0.0666667
 0 0.0666667 0.222222 0.355556 0.155556 0.1 0.1
 0.1 0.1 0.566667 0.0333333 0 0.166667 0.0333333
 0 0.0333333 0.0333333 0.688889 0 0.0888889 0.155556
 0.0666667 0.1 0.0333333 0.0666667 0.3 0 0.433333
 0 0.155556 0 0 0.755556 0 0.0888889
 0.0888889 0.0888889 0.4 0 0.322222 0.0333333 0.0666667
 0 0 0 0.533333 0 0.366667 0.1
 0.0666667 0.7 0.166667 0 0.0666667 0 0
 0.0222222 0.355556 0.533333 0 0.0222222 0 0.0666667
 0 0.0666667 0.0888889 0.466667 0 0.288889 0.0888889
 0.166667 0 0.1 0.455556 0 0.255556 0.0222222
 0.0222222 0.2 0.322222 0.0666667 0 0 0.388889
 0.0666667 0 0.266667 0.266667 0 0.1 0.3
 0.0222222 0.333333 0.0555556 0 0.122222 0 0.466667
 0.0166667 0.35 0.25 0 0.1 0.0833333 0.2
 0 0.0666667 0.0333333 0.6 0 0.2 0.1
 0 0 0.0666667 0.333333 0.133333 0.1 0.366667
 0.0666667 0 0 0.3 0.0333333 0.166667 0.433333
 0 0 0.0333333 0.333333 0.166667 0.2 0.266667
 0.0666667 0.133333 0.2 0.0333333 0 0.1 0.466667
 0 0 0 0.555556 0 0.255556 0.188889
 0 0 0 0.655556 0.0666667 0.122222 0.155556
 0.133333 0.133333 0.155556 0.0666667 0.0222222 0.288889 0.2
 0.0222222 0.166667 0.311111 0.0666667 0.366667 0 0.0666667
 0 0 0 0.6 0 0.2 0.2
 0.0333333 0.244444 0.0555556 0.222222 0.0222222 0.222222 0.2
 0 0.0666667 0.0333333 0.133333 0.266667 0.0333333 0.466667
 0 0 0 0.533333 0 0.233333 0.233333
 0.0222222 0 0.333333 0.155556 0.111111 0.211111 0.166667
 0.133333 0 0.0666667 0.355556 0 0.155556 0.288889
 0 0.0333333 0.155556 0.322222 0.0888889 0.133333 0.266667
 0.0888889 0.405556 0.183333 0 0.205556 0.0166667 0.1
 0.0333333 0.0777778 0.133333 0.0333333 0.633333 0 0.0888889
 0.0666667 0.466667 0 0 0.133333 0 0.333333
 0 0 0 0.355556 0 0.388889 0.255556
 0.1 0.0555556 0.222222 0.0888889 0 0.244444 0.288889
 0 0.0222222 0.122222 0.166667 0.0888889 0.211111 0.388889
 0 0.1 0.2 0.388889 0.0333333 0.122222 0.155556
 0 0 0 0.355556 0.188889 0.188889 0.266667
 0 0.0333333 0 0.466667 0 0.2 0.3
 0.333333 0.3 0.1 0 0.0666667 0 0.2
 0.0666667 0.0833333 0.238889 0.166667 0.238889 0.0166667 0.188889
 0 0.266667 0.0666667 0.266667 0 0 0.4
 0 0 0 0.833333 0 0.1 0.0666667
 0.0333333 0.166667 0.333333 0.2 0.0666667 0 0.2
 0 0 0 0.633333 0 0.2 0.166667
 0 0.133333 0 0.0666667 0.6 0 0.2
 0 0.133333 0.0666667 0.166667 0.2 0.233333 0.2
 0.0666667 0.7 0.0666667 0 0.1 0 0.0666667
 0 0.0666667 0.166667 0.1 0.166667 0.1 0.4
 0.0888889 0.422222 0.155556 0.0333333 0.0666667 0.1 0.133333
 0 0 0.0666667 0.4 0 0.2 0.333333
 0.0222222 0.0888889 0.633333 0.1 0.0555556 0.0333333 0.0666667
 0.0722222 0.383333 0.105556 0 0.238889 0 0.2
 0 0.133333 0 0.5 0 0.1 0.266667
 0.0222222 0.0222222 0 0.1 0.722222 0 0.133333
 0 0 0.0333333 0.25 0.183333 0.183333 0.35
 0 0 0 0.188889 0.322222 0.133333 0.355556
 0.08 0.0133333 0 0.335556 0.202222 0.255556 0.113333
 0.0388889 0.538889 0.238889 0 0.0166667 0.0666667 0.1
 0.0666667 0.0333333 0.0666667 0.0333333 0.2 0.366667 0.233333
 0 0.155556 0.255556 0.0666667 0.255556 0.0666667 0.2
 0.0666667 0.0333333 0 0.366667 0 0.433333 0.1
 0 0 0 0.666667 0 0.266667 0.0666667
 0 0.133333 0 0.388889 0.0666667 0.222222 0.188889
 0 0 0 0.466667 0.0666667 0.333333 0.133333
 0.0833333 0.35 0.366667 0.0166667 0 0.05 0.133333
 0 0 0.0666667 0.0666667 0.7 0 0.166667
 0.355556 0.0666667 0.355556 0 0.0888889 0.0666667 0.0666667
 0.0666667 0.4 0.2 0 0.0666667 0.0666667 0.2
 0.0888889 0.133333 0.288889 0 0.0888889 0.133333 0.266667
 0 0 0.0666667 0 0 0 0.933333
 0.333333 0 0.566667 0 0 0.0333333 0.0666667
 0 0 0 0.5 0 0.3 0.2
 0 0 0 0.166667 0.333333 0.166667 0.333333
 0 0.0666667 0.2 0.2 0.133333 0.166667 0.233333
 0 0.0666667 0 0.433333 0 0.266667 0.233333
 0 0 0 0.5 0 0.166667 0.333333
 0 0 0 0.166667 0.466667 0.2 0.166667
 0.166667 0.0666667 0.333333 0.1 0 0.233333 0.1
 0 0.433333 0.233333 0.0666667 0.0333333 0.166667 0.0666667
 0.1 0.533333 0.166667 0 0.0666667 0.0666667 0.0666667
 0 0.0666667 0.333333 0.0666667 0.233333 0 0.3
 0 0 0.333333 0.322222 0.0888889 0.122222 0.133333
 0 0.233333 0.0666667 0.133333 0.266667 0 0.3
 0 0.122222 0.322222 0 0.422222 0 0.133333
 0 0.216667 0.0833333 0 0.283333 0.0833333 0.333333
 0 0 0.2 0.3 0.0666667 0.3 0.133333
 0.0666667 0.1 0.2 0.233333 0.0666667 0.2 0.133333
 0 0.133333 0 0 0.733333 0 0.133333
 0 0.5 0.333333 0.133333 0.0333333 0 0
 0.0333333 0.3 0.633333 0 0 0.0333333 0
 0 0.0666667 0 0.133333 0 0.166667 0.633333
 0 0 0 0.588889 0.0333333 0.155556 0.222222
 0.0333333 0 0.233333 0.188889 0.0222222 0.2 0.322222
 0 0 0.266667 0.244444 0.0666667 0.266667 0.155556
 0 0.0833333 0.116667 0.0888889 0.0833333 0.138889 0.488889
 0.0333333 0 0.1 0.0666667 0.133333 0.2 0.466667
 0.0444444 0 0.0888889 0.0222222 0.777778 0 0.0666667
 0 0 0.0333333 0.366667 0.1 0.1 0.4
 0 0 0 0.688889 0 0.0888889 0.222222
 0 0 0 0.7 0.0666667 0.133333 0.1
 0.0333333 0.6 0.3 0 0.0666667 0 0
 0 0.0333333 0.1 0 0.866667 0 0
 0.0333333 0.266667 0.533333 0.1 0 0.0666667 0
 0 0 0.0666667 0.866667 0 0.0666667 0
 0 0.0666667 0.133333 0.5 0.1 0.0666667 0.133333
 0.133333 0.0666667 0.266667 0 0.533333 0 0
 0.122222 0.322222 0.488889 0 0.0666667 0 0
 0.1 0.7 0.2 0 0 0 0
 0.444444 0.144444 0.233333 0 0.144444 0.0333333 0
 0 0 0 0.733333 0 0.2 0.0666667
 0 0.1 0.0333333 0 0.866667 0 0
 0 0.0666667 0 0.5 0 0.133333 0.3
 0 0 0.0666667 0.4 0.2 0.166667 0.166667
 0 0 0 0.633333 0.0666667 0.2 0.1
 0 0 0 0.7 0 0.2 0.1
 0.255556 0.688889 0 0 0.0555556 0 0
 0.0333333 0.0666667 0.2 0 0.633333 0 0.0666667
 0.0666667 0 0.1 0.166667 0.166667 0.366667 0.133333
 0.0333333 0.0333333 0.0666667 0.7 0 0.1 0.0666667
 0.0666667 0.288889 0.0888889 0 0.422222 0.0666667 0.0666667
 0.155556 0.166667 0.555556 0 0.0222222 0.0333333 0.0666667
 0 0.0333333 0.1 0.566667 0 0.233333 0.0666667
 0 0.0333333 0.0333333 0 0 0.0666667 0.866667
 0 0.0666667 0.533333 0 0.1 0.0333333 0.266667
 0.0888889 0.0555556 0.333333 0.0666667 0.0222222 0.0666667 0.366667
 0.0666667 0.388889 0.0888889 0 0.255556 0 0.2
 0 0 0.133333 0.2 0 0.1 0.566667
 0.1 0 0.366667 0.255556 0.122222 0 0.155556
 0 0 0 0.788889 0 0.122222 0.0888889
 0 0 0 0.6 0 0.3 0.1
 0 0.555556 0.166667 0.0666667 0.122222 0.0222222 0.0666667
 0.1 0 0.3 0.0333333 0.166667 0.233333 0.166667
 0 0 0 0.666667 0.0333333 0.2 0.1
 0 0.0333333 0.0666667 0 0.833333 0 0.0666667
 0 0 0 0.633333 0 0.2 0.166667
 0 0 0 0.466667 0 0.433333 0.1
 0 0 0.1 0.0666667 0.133333 0.133333 0.566667
 0.0222222 0 0.0222222 0.0666667 0.655556 0.0666667 0.166667
 0.0833333 0 0.216667 0.166667 0.0166667 0.233333 0.283333
 0.238889 0.138889 0.238889 0 0.183333 0.0666667 0.133333
 0 0 0 0.433333 0 0.2 0.366667
 0 0.266667 0 0.266667 0 0.0666667 0.4
 0 0.466667 0 0.1 0 0 0.433333
 0.0222222 0 0 0.333333 0.155556 0.0666667 0.422222
 0 0 0.555556 0.0888889 0 0.322222 0.0333333
 0 0.0666667 0.0222222 0.355556 0 0.455556 0.1
 0 0.4 0 0.166667 0.133333 0.1 0.2
 0.122222 0.188889 0.333333 0 0.288889 0 0.0666667
 0.0666667 0.1 0.155556 0.1 0.1 0.255556 0.222222
 0 0.266667 0.0333333 0.0222222 0.522222 0.0222222 0.133333
 0 0.133333 0.1 0.166667 0.166667 0.233333 0.2
 0 0 0 0.7 0 0.2 0.1
 0 0.0666667 0.0333333 0 0.8 0 0.1
 0 0 0.133333 0.733333 0 0.0333333 0.1
 0.0666667 0 0 0.266667 0.333333 0.0666667 0.266667
 0 0.0333333 0.0666667 0.733333 0 0.0333333 0.133333
 0 0.0666667 0.166667 0 0.233333 0 0.533333
 0 0 0.133333 0.433333 0.233333 0.166667 0.0333333
 0.0555556 0.0222222 0 0.233333 0.0888889 0.0666667 0.533333
 0.166667 0.1 0.2 0 0.4 0.0666667 0.0666667
 0.0333333 0.333333 0.0888889 0.122222 0.0666667 0.0555556 0.3
 0.188889 0 0.655556 0 0.0555556 0.0333333 0.0666667
 0.0222222 0.133333 0.1 0.255556 0 0.355556 0.133333
 0 0 0 0.533333 0 0.166667 0.3
 0.0333333 0.166667 0.422222 0.0888889 0.0666667 0.0222222 0.2
 0.0333333 0.0555556 0.0555556 0 0.855556 0 0
 0 0 0.1 0.533333 0 0.133333 0.233333
 0 0.0666667 0 0.566667 0.0666667 0.133333 0.166667
 0.233333 0.155556 0.455556 0 0.155556 0 0
 0.0333333 0.366667 0.133333 0 0.0666667 0 0.4
 0 0.1 0.333333 0.1 0.366667 0.1 0
 0.0333333 0 0.0555556 0.3 0.188889 0.122222 0.3
 0 0.388889 0.255556 0.0666667 0.133333 0.0222222 0.133333
 0 0.233333 0.133333 0.222222 0.0333333 0.0888889 0.288889
 0 0 0 0.677778 0.0222222 0.255556 0.0444444
 0 0 0.4 0.0333333 0.133333 0.1 0.333333
 0.0666667 0 0.133333 0.155556 0.1 0.388889 0.155556
 0.0333333 0 0.233333 0.266667 0.3 0.1 0.0666667
 0 0 0.166667 0.2 0.366667 0.0333333 0.233333
 0 0 0.266667 0.3 0.133333 0.0333333 0.266667
 0.0666667 0 0.233333 0.355556 0 0.188889 0.155556
 0 0 0.0666667 0.433333 0 0.266667 0.233333
 0.0333333 0 0 0.733333 0.0666667 0.0333333 0.133333
 0 0 0.1 0.8 0 0.0333333 0.0666667
 0 0 0 0.5 0.266667 0 0.233333
 0 0.333333 0.0666667 0.133333 0.0666667 0.1 0.3
 0 0.0666667 0.2 0.188889 0 0.355556 0.188889
 0 0 0 0.422222 0 0.288889 0.288889
 0.0333333 0.1 0 0.1 0.0666667 0.266667 0.433333
 0.0666667 0.0888889 0.0888889 0.0666667 0.155556 0.233333 0.3
 0.1 0.0555556 0.122222 0 0.522222 0 0.2
 0 0.0333333 0.0333333 0.566667 0 0.133333 0.233333
 0 0.0666667 0.188889 0.255556 0 0.355556 0.133333
 0.1 0.155556 0.588889 0 0.122222 0.0333333 0
 0 0.555556 0.122222 0.0666667 0.0222222 0.1 0.133333
 0.0333333 0.122222 0.188889 0.133333 0.0888889 0.166667 0.266667
 0.155556 0.277778 0.277778 0 0.1 0.0333333 0.155556
 0.0333333 0.0333333 0.0222222 0.122222 0 0.488889 0.3
 0 0 0.0666667 0.466667 0.166667 0.0666667 0.233333
 0 0.211111 0.288889 0.0888889 0 0.144444 0.266667
 0 0.0333333 0.1 0.522222 0 0.155556 0.188889
 0 0 0.133333 0 0.566667 0 0.3
 0 0 0 0.566667 0.133333 0.0333333 0.266667
 0 0 0.0666667 0.3 0.233333 0.0333333 0.366667
 0 0 0 0.266667 0.2 0.0333333 0.5
 0 0 0 0.6 0 0.133333 0.266667
 0 0 0 0.7 0 0.0333333 0.266667
 0 0.0333333 0.0666667 0.6 0 0.1 0.2
 0.0555556 0.344444 0.411111 0 0.0333333 0.0222222 0.133333
 0.0944444 0.394444 0.116667 0 0.394444 0 0
 0.0666667 0.266667 0.5 0.0666667 0.0333333 0 0.0666667
 0.0666667 0.5 0.1 0 0.1 0.0666667 0.166667
 0.0666667 0 0.2 0.4 0 0.266667 0.0666667
 0.0666667 0.311111 0.511111 0 0.0722222 0.0388889 0
 0 0 0.1 0.0333333 0.433333 0.0333333 0.4
 0.0333333 0 0.0666667 0.133333 0.133333 0.0333333 0.6
 0 0.4 0.133333 0.0666667 0.0666667 0.0666667 0.266667
 0.133333 0.2 0 0.433333 0 0.166667 0.0666667
 0 0.0666667 0.383333 0.166667 0.116667 0.116667 0.15
 0 0.0666667 0 0.3 0.233333 0.133333 0.266667
 0 0 0 0.666667 0 0.166667 0.166667
 0 0 0 0.288889 0.1 0.255556 0.355556
 0 0 0.0666667 0.766667 0 0.0333333 0.133333
 0 0.0333333 0.0333333 0.0666667 0.866667 0 0
 0.133333 0 0.6 0 0.0666667 0 0.2
 0 0 0.0666667 0.633333 0 0.233333 0.0666667
 0.0666667 0.0222222 0.388889 0.0666667 0.0888889 0.2 0.166667
 0 0.0333333 0.0333333 0.5 0 0.333333 0.1
 0.0333333 0.0333333 0.0666667 0.2 0.266667 0.266667 0.133333
 0.238889 0.116667 0.438889 0 0.205556 0 0
 0.0222222 0.1 0.155556 0 0.722222 0 0
 0.222222 0.388889 0.0666667 0.0333333 0.0888889 0.133333 0.0666667
 0.0333333 0.0333333 0.333333 0 0 0 0.6
 0 0.4 0.233333 0.1 0 0.133333 0.133333
 0 0.0333333 0.133333 0.355556 0.0666667 0.188889 0.222222
 0.0666667 0.133333 0.455556 0.0666667 0 0.122222 0.155556
 0 0.0666667 0.0833333 0.383333 0 0.15 0.316667
 0.0666667 0.5 0.244444 0 0.1 0 0.0888889
 0 0 0.0166667 0.472222 0.166667 0.172222 0.172222
 0 0 0.0166667 0.716667 0 0.183333 0.0833333
 0 0.1 0.1 0.0666667 0.7 0 0.0333333
 0 0.133333 0.0833333 0.116667 0.266667 0.25 0.15
 0.0833333 0.0666667 0.116667 0.0666667 0.316667 0.183333 0.166667
 0 0.466667 0.133333 0.0666667 0 0.0333333 0.3
 0 0 0 0.633333 0 0.266667 0.1
 0.0388889 0.1 0.272222 0 0.405556 0.05 0.133333
 0.3 0.166667 0.133333 0.133333 0.0666667 0 0.2
 0 0 0 0.5 0 0.266667 0.233333
 0.0166667 0.05 0.216667 0 0.183333 0.0666667 0.466667
 0 0.466667 0.0666667 0 0.1 0.0333333 0.333333
 0 0.133333 0.1 0 0.5 0 0.266667
 0 0 0.0666667 0.333333 0.1 0.133333 0.366667
 0 0 0.0666667 0.5 0.133333 0.233333 0.0666667
 0 0 0 0.6 0 0.2 0.2
 0.2 0.0666667 0.6 0 0.0666667 0 0.0666667
 0.0333333 0.366667 0.2 0 0.0666667 0.0666667 0.266667
 0 0.0333333 0.2 0 0.633333 0.1 0.0333333
 0 0.1 0.133333 0 0.733333 0 0.0333333
 0.0333333 0.0333333 0.2 0 0 0 0.733333
 0 0 0 0.666667 0 0.233333 0.1
 0 0 0 0.633333 0 0.3 0.0666667
 0.1 0.233333 0.1 0.2 0 0.1 0.266667
 0.0666667 0.0666667 0.1 0.0333333 0.2 0.133333 0.4
 0.0666667 0 0.0666667 0.0333333 0.533333 0.1 0.2
 0.0888889 0.0666667 0.0888889 0.377778 0 0.177778 0.2
 0.0222222 0.188889 0.411111 0.0333333 0.177778 0.0333333 0.133333
 0 0.0666667 0 0.188889 0.288889 0.233333 0.222222
 0 0.0666667 0 0.0666667 0.133333 0 0.733333
 0 0 0.1 0.366667 0.1 0.233333 0.2
 0 0 0.0666667 0.7 0 0.1 0.133333
 0.0888889 0.355556 0.355556 0.0333333 0.0333333 0 0.133333
 0 0 0 0.366667 0.233333 0.2 0.2
 0.133333 0.166667 0.0333333 0.333333 0.0333333 0.2 0.1
 0.0333333 0 0 0.0333333 0.866667 0.0333333 0.0333333
 0 0 0.0666667 0.433333 0.0333333 0.3 0.166667
 0 0 0.322222 0.222222 0.122222 0.133333 0.2
 0 0 0 0.7 0.0333333 0.233333 0.0333333
 0 0 0.0666667 0.433333 0.1 0.2 0.2
 0.0166667 0.05 0.683333 0.0333333 0.15 0 0.0666667
 0.0722222 0.383333 0.138889 0 0.388889 0.0166667 0
 0 0 0.1 0.433333 0.133333 0.133333 0.2
 0.0888889 0.0333333 0.455556 0.166667 0.0666667 0.122222 0.0666667
 0.0888889 0.522222 0.1 0 0 0.0222222 0.266667
 0 0.0888889 0.0666667 0.0222222 0.166667 0.0222222 0.633333
 0 0 0.355556 0.211111 0.133333 0.144444 0.155556
 0 0 0.0333333 0.6 0.0666667 0.2 0.1
 0 0.0222222 0.0666667 0 0.822222 0.0222222 0.0666667
 0.1 0.0666667 0.266667 0.133333 0.2 0.0666667 0.166667
 0.0333333 0 0 0.7 0 0.2 0.0666667
 0 0 0 0.7 0 0.1 0.2
 0 0.2 0.0333333 0.133333 0.0666667 0.1 0.466667
 0.166667 0.6 0 0 0.0666667 0.0666667 0.1
 0.05 0.0833333 0.683333 0 0.0166667 0.1 0.0666667
 0 0 0 0.766667 0.0666667 0.0666667 0.1
 0.0222222 0.0222222 0.155556 0 0.466667 0.133333 0.2
 0 0 0.3 0.266667 0 0.233333 0.2
 0 0.0666667 0.266667 0 0.366667 0 0.3
 0.1 0.3 0.266667 0 0.166667 0.0333333 0.133333
 0 0 0.233333 0.166667 0.0666667 0.133333 0.4
 0 0 0 0.377778 0 0.344444 0.277778
 0.0666667 0.266667 0.333333 0 0.166667 0.0666667 0.1
 0 0 0.0666667 0.133333 0.333333 0.0666667 0.4
 0.1 0.1 0.266667 0 0.2 0.0333333 0.3
 0.233333 0 0.3 0 0.2 0.0666667 0.2
 0.0666667 0.0333333 0 0.333333 0.0666667 0.133333 0.366667
 0 0.1 0.0666667 0.288889 0.0333333 0.188889 0.322222
 0.0666667 0.2 0.1 0.133333 0.0666667 0.133333 0.3
 0.0666667 0.0666667 0.0333333 0.266667 0 0.333333 0.233333
 0 0 0 0.6 0 0.2 0.2
 0 0.1 0 0.4 0 0.133333 0.366667
 0 0.0666667 0.1 0.288889 0.0666667 0.322222 0.155556
 0.0222222 0.0222222 0.2 0 0.288889 0.266667 0.2
 0 0 0 0.7 0 0.133333 0.166667
 0.0333333 0.0666667 0.0333333 0.166667 0.433333 0.133333 0.133333
 0.0333333 0 0 0.5 0 0.266667 0.2
 0 0.0666667 0.2 0.155556 0.133333 0.155556 0.288889
 0 0 0.133333 0.3 0.2 0.0666667 0.3
 0 0 0 0.566667 0.133333 0.0333333 0.266667
 0.1 0.288889 0.466667 0 0.0777778 0.0666667 0
 0 0.0333333 0.333333 0.122222 0.333333 0.0888889 0.0888889
 0 0.0666667 0.133333 0.166667 0.2 0.1 0.333333
 0 0 0.0666667 0.633333 0.0333333 0.233333 0.0333333
 0 0.1 0.4 0.1 0.0666667 0.1 0.233333
 0.0166667 0.416667 0.25 0 0.25 0 0.0666667
 0 0 0 0.122222 0.755556 0.0666667 0.0555556
 0 0 0 0.422222 0.0666667 0.222222 0.288889
 0 0 0.0222222 0.222222 0.0555556 0.366667 0.333333
 0 0 0 0.522222 0.0333333 0.255556 0.188889
 0.0333333 0 0 0.0666667 0.733333 0.0666667 0.1
 0 0 0 0.2 0.366667 0 0.433333
 0 0 0 0.333333 0.133333 0.2 0.333333
 0 0 0 0.566667 0 0.266667 0.166667
 0 0.366667 0.233333 0.0666667 0.0666667 0.0333333 0.233333
 0.0833333 0.05 0.283333 0 0.583333 0 0
 0.0666667 0.222222 0.411111 0 0.211111 0.0888889 0
 0.0333333 0.0666667 0 0.1 0.0666667 0.2 0.533333
 0.355556 0.0666667 0.111111 0.0666667 0.377778 0.0222222 0
 0.05 0.05 0.283333 0.266667 0.0166667 0.266667 0.0666667
 0 0.488889 0.155556 0 0.288889 0.0333333 0.0333333
 0 0 0 0.766667 0 0.233333 0
 0.0666667 0 0.166667 0 0.7 0 0.0666667
 0 0 0 0.533333 0 0.266667 0.2
 0 0 0 0.6 0 0.233333 0.166667
 0 0 0 0.422222 0.0333333 0.222222 0.322222
 0.0888889 0 0.233333 0.288889 0 0.188889 0.2
 0.0333333 0.466667 0.166667 0.0666667 0 0.0666667 0.2
 0.0555556 0.0888889 0.0333333 0 0.755556 0 0.0666667
 0.1 0.1 0.1 0 0.3 0.133333 0.266667
 0.0333333 0 0 0.522222 0.0666667 0.155556 0.222222
 0.0333333 0 0 0.5 0 0.333333 0.133333
 0 0 0.0333333 0.216667 0.116667 0.283333 0.35
 0 0 0.4 0.0666667 0.266667 0 0.266667
 0.0333333 0.333333 0.0666667 0 0.133333 0.0333333 0.4
 0 0 0 0.5 0.0666667 0.233333 0.2
 0 0.2 0.0333333 0.133333 0 0.1 0.533333
 0.0666667 0.166667 0.0333333 0 0.166667 0.0666667 0.5
 0.0666667 0 0.433333 0.0333333 0.1 0.166667 0.2
 0 0.0666667 0.133333 0 0.6 0 0.2
 0 0 0 0.433333 0 0.3 0.266667
 0.133333 0.0333333 0.166667 0 0.166667 0.0666667 0.433333
 0 0.0666667 0.4 0.0555556 0.0666667 0.188889 0.222222
 0 0.1 0.166667 0.166667 0.0666667 0.0333333 0.466667
 0 0.0333333 0.166667 0.188889 0.2 0.155556 0.255556
 0 0.0666667 0.0666667 0.3 0.1 0.166667 0.3
 0 0.0666667 0.0666667 0.488889 0 0.222222 0.155556
 0 0.0666667 0.0333333 0 0.833333 0 0.0666667
 0.0666667 0.1 0.0666667 0 0.7 0 0.0666667
 0.0666667 0.0666667 0.1 0.266667 0.0666667 0.0666667 0.366667
 0.188889 0.488889 0.0666667 0 0.122222 0 0.133333
 0.0666667 0.3 0 0.0666667 0.1 0.0666667 0.4
 0.166667 0.0222222 0.722222 0 0 0.0888889 0
 0 0 0.0666667 0.233333 0 0.233333 0.466667
 0.4 0.0333333 0.133333 0 0.166667 0.0666667 0.2
 0.0666667 0.0666667 0.0388889 0.0166667 0.0222222 0.416667 0.372222
 0 0 0 0.533333 0 0.0333333 0.433333
 0.183333 0.15 0.383333 0 0.133333 0.0166667 0.133333
 0 0 0.133333 0 0.633333 0.133333 0.1
 0 0 0.0666667 0.466667 0 0.133333 0.333333
 0 0.266667 0.3 0.0333333 0.233333 0.133333 0.0333333
 0.0222222 0.555556 0.133333 0.0333333 0.0888889 0.1 0.0666667
 0 0 0 0.6 0 0.233333 0.166667
 0 0 0 0.733333 0 0.2 0.0666667
 0.466667 0.2 0.0888889 0.0222222 0.133333 0.0222222 0.0666667
 0 0.0666667 0.0333333 0.233333 0.233333 0.166667 0.266667
 0 0.333333 0.0222222 0.0222222 0.266667 0.0222222 0.333333
 0.0222222 0.0666667 0.0555556 0 0.855556 0 0
 0.0222222 0.0666667 0.622222 0 0.0888889 0.0666667 0.133333
 0.0222222 0 0.0222222 0.288889 0.266667 0.133333 0.266667
 0.227778 0.427778 0.161111 0 0.0388889 0.122222 0.0222222
 0 0 0.0166667 0.572222 0 0.305556 0.105556
 0.15 0.15 0.316667 0 0 0.183333 0.2
 0.1 0.0666667 0.233333 0.155556 0 0.155556 0.288889
 0.0333333 0.222222 0.155556 0.0666667 0.0666667 0.155556 0.3
 0.0555556 0.133333 0.0555556 0.255556 0 0.166667 0.333333
 0.3 0.2 0.3 0 0.0666667 0.0666667 0.0666667
 0 0 0 0.633333 0 0.233333 0.133333
 0 0 0 0.4 0 0.366667 0.233333
 0 0 0.122222 0.555556 0 0.255556 0.0666667
 0.0222222 0.455556 0.122222 0.1 0 0 0.3
 0.1 0 0.0888889 0 0.588889 0.0222222 0.2
 0 0 0 0.388889 0 0.422222 0.188889
 0 0 0.266667 0.2 0.0666667 0.2 0.266667
 0 0 0.0333333 0.0333333 0.433333 0.166667 0.333333
 0 0 0 0.4 0 0.5 0.1
 0.366667 0.0333333 0.2 0.0666667 0.0666667 0.0333333 0.233333
 0.0666667 0.0333333 0.233333 0.0666667 0.133333 0.333333 0.133333
 0.0555556 0.211111 0.577778 0 0.155556 0 0
 0 0 0 0.633333 0 0.1 0.266667
 0.2 0.133333 0.166667 0.266667 0.2 0 0.0333333
 0.122222 0.522222 0 0.2 0 0 0.155556
 0 0 0 0.433333 0 0.233333 0.333333
 0 0 0 0.422222 0.155556 0.355556 0.0666667
 0.0388889 0.172222 0.238889 0.2 0.15 0.133333 0.0666667
 0.2 0.2 0 0.0666667 0.133333 0.133333 0.266667
 0 0.0666667 0 0.5 0.0333333 0.266667 0.133333
 0 0.0222222 0.322222 0 0.522222 0.1 0.0333333
 0 0 0.133333 0.0666667 0.733333 0 0.0666667
 0.0666667 0 0.133333 0.233333 0.133333 0.266667 0.166667
 0.0666667 0 0.0666667 0.7 0 0.1 0.0666667
 0 0.0333333 0.0333333 0.2 0.4 0.1 0.233333
 0 0 0.488889 0.1 0.0888889 0.1 0.222222
 0 0 0.2 0.5 0.0333333 0.0666667 0.2
 0 0.5 0.0666667 0 0.2 0.0333333 0.2
 0.0166667 0.35 0.183333 0.166667 0.0833333 0.133333 0.0666667
 0.0444444 0.0333333 0.344444 0 0.511111 0 0.0666667
 0 0 0.2 0.322222 0.0888889 0.155556 0.233333
 0 0.133333 0.366667 0 0 0.1 0.4
 0.0666667 0 0 0.666667 0.0666667 0.133333 0.0666667
 0 0.133333 0.166667 0 0.366667 0.133333 0.2
 0 0 0 0.522222 0 0.188889 0.288889
 0 0 0 0.4 0 0.333333 0.266667
 0.0666667 0.566667 0.133333 0 0.133333 0 0.1
 0.155556 0.311111 0.511111 0 0.0222222 0 0
 0 0 0 0.333333 0.266667 0.2 0.2
 0 0 0.0666667 0 0.466667 0.133333 0.333333
 0.0333333 0.4 0.233333 0 0.0333333 0.2 0.1
 0 0 0 0.7 0 0.3 0
 0 0 0 0.266667 0.0333333 0.7 0
 0.0666667 0 0 0.533333 0 0.3 0.1
 0 0 0 0.733333 0 0.233333 0.0333333
 0 0 0.1 0 0.766667 0.0666667 0.0666667
 0 0.4 0.0333333 0 0.166667 0 0.4
 0.0666667 0.0666667 0.0333333 0 0.566667 0 0.266667
 0 0.0666667 0.333333 0.2 0 0.2 0.2
 0.133333 0.266667 0.0666667 0.0666667 0.2 0 0.266667
 0 0.4 0.0666667 0.133333 0.0666667 0.0666667 0.266667
 0 0 0.0666667 0.0666667 0.6 0 0.266667
 0 0 0 0.633333 0 0.3 0.0666667
 0 0.133333 0.0333333 0.2 0 0.2 0.433333
 0 0.566667 0.0333333 0.0333333 0.133333 0 0.233333
 0 0 0.0333333 0.233333 0.333333 0.2 0.2
 0 0 0.222222 0.155556 0 0.488889 0.133333
 0 0.0555556 0.222222 0.155556 0.177778 0.0444444 0.344444
 0.1 0.388889 0.322222 0 0.1 0.0222222 0.0666667
 0.266667 0.6 0.0666667 0 0 0 0.0666667
 0 0 0 0.511111 0 0.244444 0.244444
 0 0.0333333 0 0.355556 0.222222 0.188889 0.2
 0 0.0666667 0 0.5 0 0.333333 0.1
 0.0333333 0 0 0.5 0 0.4 0.0666667
 0.0666667 0.0666667 0.4 0.166667 0.0333333 0.133333 0.133333
 0.0333333 0.1 0.2 0.133333 0.166667 0.133333 0.233333
 0.133333 0.155556 0.355556 0.0666667 0.188889 0.0333333 0.0666667
 0.0222222 0.2 0.188889 0.0333333 0.322222 0.1 0.133333
 0.0666667 0.4 0.0666667 0.0333333 0.3 0 0.133333
 0 0 0.0666667 0.2 0.133333 0.266667 0.333333
 0.344444 0.0888889 0.544444 0 0.0222222 0 0
 0 0.566667 0 0 0.2 0.0666667 0.166667
 0 0.0666667 0 0.555556 0 0.222222 0.155556
 0 0.133333 0 0.5 0 0.0333333 0.333333
 0.0333333 0 0.166667 0 0.733333 0.0666667 0
 0 0 0 0.8 0 0.2 0
 0 0.0666667 0 0.566667 0 0.1 0.266667
 0 0 0 0.566667 0 0.3 0.133333
 0.0666667 0 0.3 0.366667 0.1 0.166667 0
 0 0.233333 0.3 0 0.4 0 0.0666667
 0 0 0.133333 0.4 0 0.266667 0.2
 0.0666667 0.255556 0.0888889 0.2 0.0333333 0.166667 0.188889
 0 0 0 0.566667 0.0666667 0.233333 0.133333
 0.1 0.6 0 0.0666667 0 0 0.233333
 0.133333 0.255556 0.388889 0 0 0.0555556 0.166667
 0.1 0.0333333 0.133333 0.566667 0 0.1 0.0666667
 0.0666667 0 0.222222 0.188889 0.133333 0.222222 0.166667
 0.0388889 0.338889 0.338889 0 0.127778 0 0.155556
 0 0.0333333 0.0333333 0.333333 0.166667 0.1 0.333333
 0.0222222 0.1 0.0222222 0.255556 0.244444 0.0333333 0.322222
 0 0 0.0666667 0.0333333 0.666667 0 0.233333
 0.0666667 0.166667 0.355556 0.0333333 0.0222222 0.133333 0.222222
 0 0.0222222 0.0222222 0.1 0.588889 0.0666667 0.2
 0.1 0 0.233333 0.166667 0.1 0.333333 0.0666667
 0.0666667 0.8 0 0 0 0 0.133333
 0 0 0 0.633333 0 0.233333 0.133333
 0.0333333 0.0333333 0.0666667 0.633333 0 0.233333 0
 0 0 0.0888889 0.322222 0.0666667 0.455556 0.0666667
 0 0 0 0.833333 0 0.166667 0
 0 0.133333 0 0 0.7 0 0.166667
 0.122222 0.222222 0.355556 0.0222222 0.0555556 0.0666667 0.155556
 0.0666667 0.133333 0.633333 0.0666667 0 0 0.1
 0 0.1 0 0.455556 0.1 0.255556 0.0888889
 0 0 0 0.833333 0.0666667 0.1 0
 0.1 0.666667 0 0 0.0333333 0 0.2
 0.0333333 0.0555556 0.655556 0 0.222222 0.0333333 0
 0 0.1 0.333333 0 0.0666667 0.233333 0.266667
 0 0 0 0.3 0.266667 0 0.433333
 0 0 0 0.466667 0.0666667 0.166667 0.3
 0 0.133333 0.1 0.266667 0.0666667 0.366667 0.0666667
 0.0666667 0 0.633333 0.133333 0 0.166667 0
 0 0 0 0.733333 0.1 0.133333 0.0333333
 0 0 0.0333333 0.455556 0.0222222 0.388889 0.1
 0 0 0 0.833333 0 0.166667 0
 0.155556 0 0.322222 0.1 0.1 0.2 0.122222
 0.0333333 0.0888889 0.133333 0.122222 0 0.0888889 0.533333
 0.166667 0.366667 0.0333333 0 0.233333 0 0.2
 0 0 0 0.566667 0 0.433333 0
 0 0 0 0.233333 0 0.366667 0.4
 0 0 0 0.266667 0.133333 0.166667 0.433333
 0.0666667 0.0222222 0.3 0.0222222 0 0.255556 0.333333
 0 0.0666667 0.1 0.0666667 0.0333333 0.366667 0.366667
 0 0.0333333 0.0333333 0 0.533333 0.233333 0.166667
 0.0666667 0 0.2 0 0.633333 0 0.1
 0.155556 0 0.2 0.0888889 0 0.288889 0.266667
 0 0.266667 0 0.0333333 0 0.233333 0.466667
 0.05 0.0388889 0.15 0.0555556 0.35 0.155556 0.2
 0 0.166667 0 0.122222 0.0888889 0.233333 0.388889
 0 0 0.0166667 0.75 0.0166667 0.15 0.0666667
 0.133333 0.533333 0 0 0.133333 0 0.2
 0 0 0.0333333 0.7 0 0.166667 0.1
 0 0.0666667 0.1 0.166667 0.0333333 0.1 0.533333
 0 0 0.166667 0.266667 0.133333 0.3 0.133333
 0 0.133333 0 0.322222 0.288889 0.188889 0.0666667
 0 0 0.2 0.233333 0 0.3 0.266667
 0.1 0 0.0333333 0 0.8 0 0.0666667
 0 0 0.0666667 0.4 0 0.266667 0.266667
 0 0.0666667 0.0333333 0.3 0.0666667 0.133333 0.4
 0 0 0 0.533333 0 0.133333 0.333333
 0.0666667 0 0.533333 0 0.0333333 0.3 0.0666667
 0.0333333 0.3 0.1 0.0666667 0.0666667 0.233333 0.2
 0.1 0.0666667 0.533333 0 0.233333 0.0666667 0
 0.0666667 0.2 0.0333333 0.133333 0.1 0.1 0.366667
 0 0.333333 0 0 0 0.2 0.466667
 0 0 0.0666667 0.233333 0 0.3 0.4
 0.0333333 0.0666667 0.0333333 0.366667 0.166667 0.0666667 0.266667
 0 0.366667 0.333333 0.0333333 0.1 0 0.166667
 0.1 0.0333333 0.1 0.3 0 0.2 0.266667
 0 0.2 0 0.566667 0 0.1 0.133333
 0.0333333 0.722222 0.133333 0 0.0555556 0.0222222 0.0333333
 0.0333333 0.0666667 0.1 0 0.733333 0 0.0666667
 0 0 0 0.633333 0 0.166667 0.2
 0 0.0333333 0.133333 0.2 0 0.0333333 0.6
 0.1 0 0.366667 0.133333 0 0.166667 0.233333
 0.0888889 0.0666667 0.366667 0.144444 0 0.244444 0.0888889
 0 0.333333 0.0222222 0.0888889 0.133333 0.222222 0.2
 0.0555556 0.388889 0 0.0333333 0.0666667 0.266667 0.188889
 0.0666667 0.133333 0.366667 0 0.2 0.0666667 0.166667
 0.0222222 0.0888889 0.188889 0.133333 0.5 0 0.0666667
 0 0 0 0.366667 0.0666667 0.233333 0.333333
 0.122222 0 0.177778 0.311111 0 0.211111 0.177778
 0.0888889 0.455556 0.0666667 0 0.0555556 0.0666667 0.266667
 0.0888889 0.133333 0.277778 0 0.144444 0.0888889 0.266667
 0 0 0.155556 0.488889 0.0222222 0.1 0.233333
 0.0466667 0.646667 0.0133333 0.0333333 0.18 0 0.08
 0.0888889 0.0222222 0.166667 0 0.722222 0 0
 0.0222222 0 0.0666667 0.2 0.0222222 0.588889 0.1
 0.0222222 0.0888889 0.366667 0.0666667 0.122222 0.2 0.133333
 0 0 0 0.488889 0.0222222 0.255556 0.233333
 0 0 0 0.466667 0 0.466667 0.0666667
 0 0 0 0.388889 0 0.355556 0.255556
 0.0388889 0.0388889 0.183333 0 0.672222 0 0.0666667
 0 0.333333 0.1 0 0.166667 0.166667 0.233333
 0 0 0 0.433333 0 0.0666667 0.5
 0 0.0666667 0.4 0 0.266667 0 0.266667
 0 0 0.366667 0.1 0.166667 0.0333333 0.333333
 0.0666667 0.0222222 0.122222 0.0666667 0.655556 0 0.0666667
 0 0.0888889 0.388889 0 0.455556 0 0.0666667
 0 0 0 0.466667 0 0.466667 0.0666667
 0.255556 0.0333333 0.355556 0 0.266667 0 0.0888889
 0.1 0.433333 0.0666667 0 0.0666667 0 0.333333
 0.0666667 0 0 0.233333 0.0666667 0.266667 0.366667
 0.0333333 0.0333333 0.0666667 0 0.866667 0 0
 0 0 0.222222 0.288889 0.0666667 0.355556 0.0666667
 0.0666667 0.0222222 0.0888889 0.444444 0.0444444 0.155556 0.177778
 0.111111 0.0555556 0.0222222 0 0.744444 0 0.0666667
 0 0 0.133333 0.2 0.0666667 0.3 0.3
 0.0833333 0.116667 0.616667 0 0.0833333 0.1 0
 0 0 0 0.422222 0.0666667 0.222222 0.288889
 0.0388889 0.172222 0.494444 0.0666667 0.138889 0.0222222 0.0666667
 0.0666667 0.0333333 0.466667 0.0333333 0.0666667 0.333333 0
 0.0666667 0 0 0.566667 0 0.333333 0.0333333
 0.566667 0.0666667 0.3 0.0333333 0.0333333 0 0
 0 0.455556 0.0666667 0.122222 0 0.288889 0.0666667
 0.0333333 0.0222222 0.2 0.155556 0.1 0.222222 0.266667
 0.0666667 0 0.133333 0 0.733333 0.0666667 0
 0.0555556 0.533333 0.2 0 0.144444 0.0444444 0.0222222
 0.0333333 0.133333 0.5 0.1 0.0666667 0.0333333 0.133333
 0 0 0 0.566667 0.0666667 0.3 0.0666667
 0 0 0.0888889 0.466667 0.0222222 0.2 0.222222
 0.2 0 0.4 0.0333333 0.233333 0 0.133333
 0.0666667 0.0666667 0.566667 0 0.0333333 0.133333 0.133333
 0 0 0.0666667 0.666667 0.0333333 0.2 0.0333333
 0.188889 0.433333 0.122222 0 0.233333 0 0.0222222
 0.0666667 0.0666667 0 0.688889 0.0222222 0.1 0.0555556
 0 0.0333333 0.3 0.0666667 0.233333 0.2 0.166667
 0 0 0.0666667 0.5 0.0666667 0.233333 0.133333
 0 0 0.1 0.0666667 0.7 0 0.133333
 0.0222222 0.266667 0.388889 0 0.255556 0 0.0666667
 0 0.0666667 0.0666667 0.166667 0 0.3 0.4
 0.177778 0.266667 0.377778 0 0.0888889 0.0222222 0.0666667
 0.0666667 0.8 0 0 0.0333333 0.0666667 0.0333333
 0.0666667 0.8 0 0 0.0666667 0 0.0666667
 0.122222 0.0333333 0.222222 0 0.555556 0.0666667 0
 0 0 0.0222222 0.188889 0.0666667 0.388889 0.333333
 0.0666667 0.2 0.233333 0 0.0333333 0.0666667 0.4
 0 0 0 0.5 0 0.166667 0.333333
 0.0333333 0 0.1 0 0.566667 0 0.3
 0 0 0 0.633333 0 0.2 0.166667
 0 0 0.266667 0.233333 0.133333 0.0666667 0.3
 0.0666667 0 0 0.533333 0.1 0.1 0.2
 0 0.0333333 0.0333333 0 0.933333 0 0
 0.1 0.622222 0.0888889 0 0.0222222 0 0.166667
 0.0222222 0 0.1 0.388889 0 0.155556 0.333333
 0.0333333 0.233333 0.633333 0.0333333 0 0.0666667 0
 0 0 0 0.7 0 0.133333 0.166667
 0.0666667 0.0666667 0.4 0 0.333333 0.0333333 0.1
 0 0 0.633333 0 0 0.1 0.266667
 0 0 0.0666667 0.666667 0 0.133333 0.133333
 0 0.4 0.133333 0.0333333 0.133333 0 0.3
 0 0.433333 0.133333 0.0333333 0.0666667 0.0333333 0.3
 0.133333 0 0.8 0 0 0 0.0666667
 0 0 0.0666667 0.133333 0.466667 0 0.333333
 0.1 0.0333333 0.533333 0 0.266667 0 0.0666667
 0 0 0.0666667 0.355556 0.222222 0.1 0.255556
 0 0.0333333 0 0.0222222 0.788889 0 0.155556
 0.0222222 0.0888889 0.155556 0 0.2 0.0666667 0.466667
 0 0.2 0.166667 0.1 0.1 0.166667 0.266667
 0 0 0 0.5 0 0.433333 0.0666667
 0 0.0666667 0 0.5 0 0.3 0.133333
 0 0 0 0.733333 0 0.133333 0.133333
 0.0833333 0.466667 0 0.0166667 0.283333 0.0666667 0.0833333
 0 0 0 0.466667 0.0333333 0.3 0.2
 0 0 0.1 0.233333 0.1 0.133333 0.433333
 0 0.0666667 0 0.455556 0 0.222222 0.255556
 0.0666667 0 0.0666667 0.466667 0 0.3 0.1
 0.222222 0.155556 0.277778 0 0.177778 0.0333333 0.133333
 0 0 0 0.622222 0 0.122222 0.255556
 0 0.233333 0.333333 0.0666667 0 0.0333333 0.333333
 0.188889 0.455556 0.0555556 0 0.1 0 0.2
 0.111111 0.25 0.161111 0.116667 0.0944444 0.133333 0.133333
 0.1 0.3 0.2 0 0.266667 0 0.133333
 0 0 0.266667 0.2 0.0666667 0.133333 0.333333
 0.0333333 0 0 0.5 0 0.3 0.166667
 0.166667 0.5 0.0666667 0.0333333 0.133333 0 0.1
 0.0333333 0 0 0 0.8 0 0.166667
 0.0333333 0.0555556 0.2 0.0666667 0.433333 0.155556 0.0555556
 0 0.0333333 0 0.633333 0 0.1 0.233333
 0 0.0333333 0.133333 0.133333 0.2 0.1 0.4
 0.0333333 0 0.266667 0.4 0 0.0333333 0.266667
 0 0 0.0666667 0.6 0 0.266667 0.0666667
 0 0 0 0.466667 0 0.266667 0.266667
 0 0 0 0.577778 0 0.311111 0.111111
 0 0.411111 0 0.1 0.0777778 0.0555556 0.355556
 0 0.155556 0.611111 0.0222222 0.133333 0.0444444 0.0333333
 0 0 0 0.655556 0.0333333 0.122222 0.188889
 0.0333333 0.122222 0.211111 0.0666667 0.444444 0.0333333 0.0888889
 0 0 0.0333333 0.588889 0 0.355556 0.0222222
 0.0222222 0.244444 0.0444444 0.188889 0.111111 0.0333333 0.355556
 0 0 0 0.633333 0 0.166667 0.2
 0 0 0.155556 0.255556 0.288889 0.0666667 0.233333
 0 0 0 0.6 0 0.266667 0.133333
 0 0 0.2 0.133333 0.0333333 0 0.633333
 0 0 0.0666667 0.433333 0 0.0666667 0.433333
 0 0 0 0.666667 0 0.133333 0.2
 0.1 0 0.533333 0.1 0.0333333 0.1 0.133333
 0.168889 0.0466667 0.368889 0 0.268889 0.08 0.0666667
 0 0 0 0.133333 0.566667 0 0.3
 0.133333 0.1 0.1 0 0.3 0.1 0.266667
 0 0.633333 0 0 0 0 0.366667
 0 0 0.0222222 0 0.888889 0.0222222 0.0666667
 0 0 0 0.633333 0.0666667 0.2 0.1
 0 0.366667 0.0666667 0.233333 0.0333333 0.0333333 0.266667
 0 0.166667 0.722222 0.0666667 0.0222222 0.0222222 0
 0 0 0 0.833333 0 0.1 0.0666667
 0 0 0.433333 0.3 0.133333 0.0666667 0.0666667
 0.0666667 0 0.133333 0.566667 0 0.166667 0.0666667
 0.0222222 0.655556 0 0 0.122222 0 0.2
 0.0333333 0.0666667 0.6 0.0666667 0.0333333 0.0666667 0.133333
 0.0333333 0 0.133333 0 0.733333 0.0333333 0.0666667
 0 0.0333333 0 0.366667 0.266667 0.133333 0.2
 0.0333333 0.222222 0.255556 0.0666667 0.222222 0.166667 0.0333333
 0 0.122222 0.255556 0.0666667 0.422222 0 0.133333
 0 0.0666667 0 0.6 0.0666667 0.2 0.0666667
 0 0 0 0.566667 0.1 0.333333 0
 0 0.0666667 0 0.6 0 0.2 0.133333
 0.0666667 0.0666667 0.355556 0.166667 0.0555556 0.133333 0.155556
 0.1 0.366667 0.1 0 0.266667 0 0.166667
 0 0 0 0.633333 0 0.2 0.166667
 0.355556 0.133333 0.0333333 0.0666667 0.0222222 0.1 0.288889
 0.0666667 0.566667 0 0 0.133333 0 0.233333
 0.0333333 0.0333333 0.333333 0 0.533333 0 0.0666667
 0 0 0.2 0.233333 0 0.3 0.266667
 0.0333333 0.0333333 0.433333 0.1 0 0.1 0.3
 0 0 0 0.766667 0 0.0666667 0.166667
 0 0.0333333 0 0.633333 0.0666667 0.166667 0.1
 0.1 0.0333333 0.0333333 0.133333 0.433333 0.1 0.166667
 0.0333333 0.333333 0 0.233333 0 0.0333333 0.366667
 0.0222222 0.0888889 0.0333333 0 0.855556 0 0
 0.0333333 0.0333333 0.1 0 0.8 0 0.0333333
 0.0333333 0.1 0 0.388889 0.0222222 0.3 0.155556
 0 0.233333 0 0.2 0 0.3 0.266667
 0 0 0.0666667 0.566667 0 0.233333 0.133333
 0 0.122222 0.7 0 0.0555556 0.0555556 0.0666667
 0 0.0666667 0.0166667 0.35 0.0833333 0.266667 0.216667
 0.0333333 0.1 0 0.1 0 0.3 0.466667
 0.0666667 0 0 0.333333 0.0666667 0.0333333 0.5
 0.0666667 0 0.266667 0.166667 0 0.2 0.3
 0.0888889 0.533333 0.0333333 0.0333333 0.0222222 0.0666667 0.222222
 0 0.0333333 0.366667 0.0333333 0.333333 0.0333333 0.2
 0 0 0 0.6 0.0333333 0.133333 0.233333
 0.0333333 0.0666667 0 0.0333333 0.366667 0.0666667 0.433333
 0 0.0222222 0.133333 0.133333 0.0222222 0.0888889 0.6
 0.133333 0.0666667 0.2 0.0666667 0 0.0333333 0.5
 0.0333333 0.166667 0 0.322222 0 0.155556 0.322222
 0.0666667 0 0.166667 0.3 0 0.366667 0.1
 0 0 0 0.633333 0 0.166667 0.2
 0 0 0 0.0333333 0.6 0.166667 0.2
 0 0 0.0222222 0.0888889 0.666667 0.0555556 0.166667
 0 0 0.222222 0.455556 0 0.155556 0.166667
 0 0 0 0.366667 0 0.466667 0.166667
 0.222222 0.0666667 0.122222 0.3 0.0555556 0.1 0.133333
 0 0.2 0.0333333 0 0.366667 0.0333333 0.366667
 0 0 0.188889 0.388889 0.0333333 0.188889 0.2
 0.133333 0.4 0 0.0666667 0.0666667 0.0666667 0.266667
 0.2 0 0.433333 0.133333 0 0.0666667 0.166667
 0 0.133333 0.0666667 0 0.433333 0 0.366667
 0.133333 0.2 0.333333 0 0.166667 0.166667 0
 0 0 0.133333 0.333333 0.0666667 0.133333 0.333333
 0.0666667 0.233333 0.233333 0.0666667 0.1 0.0333333 0.266667
 0.0666667 0.0333333 0 0.0666667 0.333333 0 0.5
 0.166667 0.1 0.4 0 0.133333 0.0666667 0.133333
 0 0 0 0.533333 0 0.266667 0.2
 0 0 0 0.5 0 0.3 0.2
 0.133333 0.0666667 0.366667 0.166667 0.0666667 0.0666667 0.133333
 0.0666667 0 0.522222 0.0888889 0.0333333 0.155556 0.133333
 0.0222222 0.422222 0.0222222 0 0 0.0333333 0.5
 0 0 0.0555556 0.155556 0.566667 0.0222222 0.2
 0 0.166667 0 0.266667 0 0.2 0.366667
 0 0.0666667 0 0.533333 0 0.133333 0.266667
 0 0 0.0333333 0.6 0 0.233333 0.133333
 0 0.0333333 0 0 0.666667 0.1 0.2
 0.0666667 0.133333 0.2 0.333333 0 0.233333 0.0333333
 0 0 0 0.6 0 0.266667 0.133333
 0.0722222 0.227778 0.138889 0 0.561111 0 0
 0 0.333333 0.233333 0.0666667 0.0333333 0.0666667 0.266667
 0 0.1 0.1 0.1 0.4 0 0.3
 0 0.477778 0.111111 0 0.311111 0.0666667 0.0333333
 0 0 0 0.733333 0.0333333 0.0666667 0.166667
 0 0 0 0.566667 0.0666667 0.233333 0.133333
 0.122222 0.0333333 0.222222 0 0.622222 0 0
 0.133333 0.566667 0 0 0.0333333 0 0.266667
 0 0 0 0.366667 0 0.233333 0.4
 0.1 0 0.3 0 0.333333 0 0.266667
 0 0 0 0.333333 0 0.366667 0.3
 0.0222222 0.0222222 0.155556 0 0.711111 0 0.0888889
 0.133333 0 0 0.4 0 0.166667 0.3
 0.0333333 0.1 0.466667 0 0 0.2 0.2
 0 0 0 0.633333 0 0.1 0.266667
 0 0.0333333 0.0333333 0 0.8 0 0.133333
 0.0666667 0 0 0.333333 0.0333333 0.0333333 0.533333
 0.0222222 0 0.288889 0.133333 0 0.388889 0.166667
 0 0.0333333 0.0555556 0 0.622222 0.0666667 0.222222
 0.633333 0.1 0.233333 0.0333333 0 0 0
 0 0.266667 0 0.366667 0 0.0333333 0.333333
 0.122222 0.122222 0.522222 0 0.233333 0 0
 0 0 0 0.666667 0.0666667 0.133333 0.133333
 0 0.266667 0 0.2 0.0666667 0.233333 0.233333
 0 0 0 0.833333 0 0.1 0.0666667
 0.0333333 0 0 0.333333 0.0333333 0.233333 0.366667
 0 0 0.0666667 0 0.866667 0 0.0666667
 0 0 0 0.433333 0 0.366667 0.2
 0 0 0 0.366667 0.0666667 0.166667 0.4
 0 0 0 0.488889 0.0666667 0.222222 0.222222
 0 0 0.0333333 0.333333 0.233333 0.0666667 0.333333
 0 0 0 0.366667 0.0333333 0.233333 0.366667
 0 0.5 0.1 0 0.266667 0.133333 0
 0 0 0 0.333333 0.0666667 0.133333 0.466667
 0 0 0.1 0.155556 0.2 0.188889 0.355556
 0.116667 0.427778 0.0833333 0.0222222 0.0833333 0.0555556 0.211111
 0.0222222 0.0777778 0.411111 0.0222222 0.377778 0.0555556 0.0333333
 0.133333 0 0.188889 0.188889 0 0.188889 0.3
 0.0888889 0.211111 0.0333333 0.0666667 0.0555556 0.0444444 0.5
 0.1 0 0.0333333 0.655556 0 0.122222 0.0888889
 0.0666667 0.155556 0.155556 0.0555556 0.155556 0.0777778 0.333333
 0.172222 0.0666667 0.572222 0 0.172222 0.0166667 0
 0.0666667 0 0.0333333 0.333333 0 0.3 0.266667
 0.0666667 0 0.0333333 0.266667 0.2 0.0666667 0.366667
 0 0 0 0.688889 0.0222222 0.222222 0.0666667
 0.0333333 0.111111 0.577778 0 0.0888889 0.122222 0.0666667
 0 0 0 0.666667 0 0.266667 0.0666667
 0.1 0 0.216667 0.216667 0.116667 0.183333 0.166667
 0.122222 0.5 0.0222222 0 0.222222 0 0.133333
 0 0 0.188889 0.0666667 0.488889 0.122222 0.133333
 0 0 0 0.633333 0 0.233333 0.133333
 0 0 0.133333 0 0.8 0.0333333 0.0333333
 0 0 0 0.233333 0.0666667 0.0666667 0.633333
 0.0166667 0.483333 0.25 0 0.25 0 0
 0 0.133333 0.4 0 0.2 0 0.266667
 0.0333333 0.0666667 0 0.0666667 0.766667 0 0.0666667
 0 0 0 0.433333 0.1 0.0666667 0.4
 0.338889 0 0.15 0 0.183333 0.155556 0.172222
 0.222222 0.377778 0.111111 0 0.0888889 0 0.2
 0 0 0 0.533333 0.1 0.0333333 0.333333
 0 0 0.466667 0.1 0 0.333333 0.1
 0.0222222 0.1 0.522222 0 0.322222 0 0.0333333
 0 0 0.0333333 0.633333 0 0.0333333 0.3
 0.1 0 0.2 0.133333 0.2 0 0.366667
 0 0 0.0666667 0.533333 0 0.3 0.1
 0 0.0333333 0 0.533333 0.133333 0.0666667 0.233333
 0 0 0.133333 0.333333 0.0333333 0 0.5
 0.0222222 0.2 0.155556 0.233333 0.0888889 0 0.3
 0.0333333 0 0.0666667 0.0666667 0.766667 0 0.0666667
 0 0 0 0.733333 0 0.166667 0.1
 0 0.366667 0 0 0.233333 0 0.4
 0 0 0.0666667 0 0.733333 0 0.2
 0.0222222 0 0.388889 0.0333333 0.122222 0.166667 0.266667
 0.0777778 0.233333 0.333333 0 0.2 0.0222222 0.133333
 0 0.0666667 0 0.366667 0 0.1 0.466667
 0.0333333 0.333333 0.133333 0.0333333 0 0.0333333 0.433333
 0 0.0666667 0 0.533333 0 0.233333 0.166667
 0.0333333 0.366667 0 0 0.233333 0.133333 0.233333
 0 0.233333 0.255556 0.0222222 0 0.0888889 0.4
 0.466667 0 0.466667 0 0 0 0.0666667
 0 0.333333 0 0.0666667 0 0.0333333 0.566667
 0 0 0 0.288889 0.366667 0.122222 0.222222
 0 0 0 0.6 0 0.1 0.3
 0.0333333 0.1 0 0.1 0 0.2 0.566667
 0.0166667 0.0166667 0.0833333 0 0.65 0 0.233333
 0.0666667 0.0333333 0.133333 0 0.633333 0 0.133333
 0 0 0 0.7 0 0.3 0
 0 0 0 0.666667 0 0.166667 0.166667
 0.1 0.366667 0.333333 0 0.0666667 0 0.133333
 0 0.566667 0.133333 0 0.133333 0 0.166667
 0.0666667 0 0 0.466667 0 0.333333 0.133333
 0 0.0666667 0.2 0.166667 0.0666667 0.1 0.4
 0 0.0666667 0 0.2 0 0 0.733333
 0 0.0333333 0.0333333 0.266667 0.133333 0 0.533333
 0 0.0333333 0.0333333 0 0.766667 0 0.166667
 0 0.0333333 0.4 0.166667 0.1 0.0666667 0.233333
 0 0.0333333 0.566667 0 0.0666667 0.133333 0.2
 0 0 0.0666667 0.533333 0 0.133333 0.266667
 0 0.2 0 0.233333 0 0.133333 0.433333
 0 0 0 0.0222222 0.622222 0.188889 0.166667
 0 0.0222222 0 0 0.655556 0.0222222 0.3
 0.0222222 0.0333333 0.122222 0.266667 0.0666667 0.222222 0.266667
 0.0666667 0 0.333333 0.0666667 0.1 0.3 0.133333
 0 0 0.0222222 0.588889 0 0.355556 0.0333333
 0 0.711111 0.155556 0 0.0222222 0.0444444 0.0666667
 0.0222222 0.411111 0.244444 0 0.166667 0.0888889 0.0666667
 0 0 0 0.666667 0 0.266667 0.0666667
 0 0.0222222 0 0.722222 0 0.188889 0.0666667
 0.1 0.533333 0 0 0.1 0 0.266667
 0 0.0666667 0 0.0666667 0.2 0 0.666667
 0 0 0.4 0.166667 0.166667 0.0333333 0.233333
 0 0 0.133333 0.166667 0.0666667 0.1 0.533333
 0 0 0.0666667 0.333333 0.0666667 0.266667 0.266667
 0.0666667 0.266667 0.0666667 0 0.166667 0.0333333 0.4
 0.388889 0.1 0.255556 0 0.122222 0 0.133333
 0 0.1 0.1 0.0222222 0.655556 0.0666667 0.0555556
 0.333333 0.1 0.433333 0 0.0333333 0.0666667 0.0333333
 0.102222 0.535556 0.202222 0.0666667 0.0133333 0.0133333 0.0666667
 0 0.0666667 0.0666667 0.322222 0.0666667 0.255556 0.222222
 0 0 0 0.622222 0 0.155556 0.222222
 0.0666667 0.133333 0.166667 0.133333 0.0333333 0.0666667 0.4
 0.0666667 0 0 0.433333 0 0.366667 0.133333
 0 0 0.0333333 0.7 0 0.2 0.0666667
 0.0666667 0.0222222 0.0888889 0.0333333 0.655556 0 0.133333
 0 0.0666667 0 0.5 0 0.133333 0.3
 0.466667 0.0666667 0.166667 0 0.233333 0 0.0666667
 0.666667 0.0666667 0.1 0 0.0333333 0.0666667 0.0666667
 0 0.133333 0 0.266667 0.0666667 0.233333 0.3
 0 0.0666667 0 0.5 0.0666667 0.166667 0.2
 0.0666667 0.1 0.1 0.2 0.0333333 0.166667 0.333333
 0.0666667 0.266667 0.2 0.0666667 0.133333 0.133333 0.133333
 0.1 0.566667 0.133333 0 0.133333 0.0666667 0
 0.0666667 0.0666667 0.533333 0 0.2 0 0.133333
 0.133333 0.0666667 0.133333 0.3 0 0.333333 0.0333333
 0.0666667 0.433333 0.0666667 0 0.166667 0.0666667 0.2
 0 0.0555556 0.411111 0.166667 0.0888889 0.144444 0.133333
 0 0 0.0666667 0.566667 0 0.3 0.0666667
 0 0 0 0.466667 0.0333333 0.233333 0.266667
 0 0.0888889 0.0666667 0.555556 0 0.133333 0.155556
 0 0 0 0.433333 0.1 0.333333 0.133333
 0 0 0.122222 0.322222 0.1 0.422222 0.0333333
 0 0 0 0.622222 0.122222 0.188889 0.0666667
 0.1 0.155556 0.655556 0 0.0222222 0 0.0666667
 0.0222222 0.0555556 0.0555556 0.2 0.166667 0.1 0.4
 0 0.333333 0.0333333 0 0.233333 0 0.4
 0 0 0.155556 0.355556 0.133333 0.155556 0.2
 0 0.0666667 0.0666667 0.366667 0.0666667 0.2 0.233333
 0 0.0333333 0.433333 0.0666667 0.0666667 0.2 0.2
 0.0333333 0.166667 0.1 0.0666667 0.1 0.0333333 0.5
 0.122222 0.688889 0.0333333 0 0.0555556 0 0.1
 0 0 0.0333333 0.533333 0 0.2 0.233333
 0.0888889 0.0333333 0.0666667 0.322222 0.133333 0.0888889 0.266667
 0 0 0 0.6 0.0666667 0.2 0.133333
 0 0 0.1 0.7 0 0.133333 0.0666667
 0 0.233333 0 0.333333 0 0.133333 0.3
 0.0222222 0.0222222 0.1 0.0333333 0.788889 0.0333333 0
 0.0333333 0 0.2 0 0.7 0 0.0666667
 0 0 0 0.6 0.0666667 0.266667 0.0666667
 0.0666667 0.0888889 0.1 0 0.522222 0.155556 0.0666667
 0 0.0666667 0.0666667 0.6 0 0.1 0.166667
 0.0166667 0.616667 0.0833333 0 0.0166667 0.0666667 0.2
 0 0.0666667 0.166667 0.3 0.1 0.1 0.266667
 0 0 0 0.4 0.3 0.0333333 0.266667
 0.0333333 0.7 0.0666667 0 0.166667 0 0.0333333
 0.0666667 0.0666667 0.133333 0 0.133333 0.133333 0.466667
 0 0.0666667 0.3 0 0.333333 0.0666667 0.233333
 0 0 0 0.722222 0 0.155556 0.122222
 0 0 0.0666667 0.533333 0 0.266667 0.133333
 0 0 0.333333 0.0333333 0.2 0 0.433333
 0 0.1 0.233333 0 0.4 0 0.266667
 0 0.0666667 0.2 0 0.5 0.0666667 0.166667
 0.0333333 0.5 0.166667 0 0.0333333 0.0333333 0.233333
 0 0 0 0.566667 0 0.2 0.233333
 0 0.0666667 0 0 0.8 0 0.133333
 0 0 0 0.5 0 0.4 0.1
 0 0.0666667 0.0333333 0 0.766667 0 0.133333
 0 0.0666667 0 0.666667 0 0.133333 0.133333
 0 0.0666667 0 0.6 0 0.2 0.133333
 0.3 0.0666667 0.633333 0 0 0 0
 0 0.0666667 0.533333 0.0666667 0.0666667 0.266667 0
 0 0.633333 0 0.0666667 0.0666667 0 0.233333
 0 0 0.533333 0.166667 0.0666667 0.0333333 0.2
 0 0 0.3 0.233333 0.233333 0.0333333 0.2
 0 0.466667 0 0.0666667 0.0666667 0 0.4
 0 0.0666667 0 0.588889 0 0.0555556 0.288889
 0 0.0333333 0.0333333 0 0.833333 0 0.1
 0 0.0666667 0 0.233333 0 0.366667 0.333333
 0 0 0.0666667 0.266667 0 0.533333 0.133333
 0 0 0.133333 0.533333 0 0.333333 0
 0 0 0.122222 0.0222222 0.833333 0.0222222 0
 0.1 0.466667 0.1 0 0.0666667 0.0666667 0.2
 0.1 0.0666667 0.466667 0.0666667 0.133333 0.0333333 0.133333
 0.0666667 0.0666667 0 0.3 0.0666667 0.433333 0.0666667
 0 0 0 0.633333 0 0.233333 0.133333
 0 0 0.0666667 0.0333333 0.7 0.0666667 0.133333
 0 0 0.0333333 0.533333 0 0.366667 0.0666667
 0 0.0222222 0.0222222 0.0333333 0.755556 0.0333333 0.133333
 0 0 0.466667 0 0.366667 0 0.166667
 0 0 0 0.433333 0 0.4 0.166667
 0 0 0.0666667 0.266667 0 0.5 0.166667
 0.133333 0.0666667 0.755556 0 0.0222222 0 0.0222222
 0.0333333 0.666667 0.0666667 0 0.1 0 0.133333
 0 0 0.166667 0.2 0.0666667 0.2 0.366667
 0 0.333333 0.0666667 0 0.233333 0.0666667 0.3
 0 0.133333 0.0666667 0.0666667 0.433333 0.0333333 0.266667
 0 0 0 0.8 0 0 0.2
 0.0666667 0.1 0.166667 0.233333 0.0666667 0.233333 0.133333
 0 0.0333333 0 0.333333 0.2 0.133333 0.3
 0.133333 0.466667 0.0666667 0 0.0666667 0 0.266667
 0 0.133333 0 0.0666667 0.533333 0 0.266667
 0 0 0 0.433333 0.0666667 0.233333 0.266667
 0 0.0666667 0.0666667 0 0.733333 0.0666667 0.0666667
 0 0 0 0.566667 0 0.233333 0.2
 0 0.266667 0.266667 0.133333 0.0666667 0.133333 0.133333
 0 0 0 0.4 0.133333 0.133333 0.333333
 0 0 0 0.366667 0.466667 0.0333333 0.133333
 0 0 0 0.466667 0 0.2 0.333333
 0.0222222 0 0.1 0.233333 0.0222222 0.133333 0.488889
 0.0333333 0.233333 0.533333 0.0333333 0.0333333 0 0.133333
 0.0666667 0.566667 0.0666667 0 0.0666667 0.0333333 0.2
 0 0.0666667 0.333333 0.0666667 0.2 0.1 0.233333
 0.1 0.466667 0.0666667 0.0666667 0.166667 0 0.133333
 0.0555556 0.388889 0.355556 0 0.133333 0 0.0666667
 0.15 0.15 0.45 0 0.183333 0.0666667 0
 0.0333333 0.422222 0.0222222 0.0666667 0.188889 0 0.266667
 0 0.0666667 0 0.488889 0 0.222222 0.222222
 0 0.0666667 0.0666667 0.6 0.0666667 0.2 0
 0.0666667 0 0.0666667 0.6 0.0666667 0.0666667 0.133333
 0.177778 0.233333 0.366667 0 0.188889 0 0.0333333
 0 0 0 0.266667 0.5 0.0666667 0.166667
 0 0 0 0.766667 0 0.1 0.133333
 0.0666667 0 0.4 0.0666667 0.1 0.166667 0.2
 0.0666667 0.133333 0.266667 0 0.1 0.133333 0.3
 0 0 0.1 0.3 0 0.266667 0.333333
 0.533333 0 0.133333 0.0666667 0.0666667 0.0666667 0.133333
 0 0.0666667 0 0.5 0.0666667 0.166667 0.2
 0.0333333 0.7 0.0222222 0 0.188889 0 0.0555556
 0 0 0.0222222 0.1 0.755556 0.1 0.0222222
 0.0666667 0.4 0.233333 0 0.1 0 0.2
 0.0666667 0 0.266667 0.1 0 0.233333 0.333333
 0.0333333 0.133333 0.266667 0.266667 0.0666667 0.2 0.0333333
 0 0.2 0.0333333 0.1 0.166667 0.0666667 0.433333
 0.0222222 0.0333333 0.0222222 0 0.688889 0.1 0.133333
 0.0888889 0.1 0.0888889 0 0.655556 0 0.0666667
 0.0222222 0.166667 0.155556 0.0666667 0 0.188889 0.4
 0 0 0 0.466667 0 0.366667 0.166667
 0 0 0.0666667 0.655556 0 0.255556 0.0222222
 0.0333333 0.666667 0 0 0.0666667 0 0.233333
 0 0.0666667 0.233333 0.266667 0 0.1 0.333333
 0 0.133333 0 0.288889 0 0.355556 0.222222
 0 0.166667 0 0.0333333 0.666667 0 0.133333
 0.266667 0 0.0666667 0.0333333 0.133333 0.266667 0.233333
 0 0 0 0.333333 0.0222222 0.188889 0.455556
 0.0222222 0.522222 0.122222 0.0333333 0 0.133333 0.166667
 0.168889 0.135556 0.568889 0 0.113333 0.0133333 0
 0.144444 0.0888889 0.555556 0 0.177778 0.0333333 0
 0 0 0.266667 0.133333 0.0666667 0.0333333 0.5
 0 0.0666667 0.0666667 0.122222 0 0.188889 0.555556
 0 0 0 0.733333 0 0.133333 0.133333
 0 0.2 0.0222222 0.166667 0.422222 0 0.188889
 0 0 0.0333333 0.588889 0.1 0.188889 0.0888889
 0 0.0333333 0.1 0.0333333 0.833333 0 0
 0 0 0.0666667 0.355556 0.255556 0.0222222 0.3
 0 0.4 0.133333 0.1 0.1 0.0666667 0.2
 0 0 0.133333 0.422222 0.1 0.188889 0.155556
 0.0833333 0.205556 0.25 0.0333333 0.372222 0.0222222 0.0333333
 0 0 0 0.688889 0.0333333 0.0222222 0.255556
 0 0 0 0.133333 0.666667 0 0.2
 0.3 0.166667 0.466667 0 0 0.0333333 0.0333333
 0 0.0666667 0.0666667 0.533333 0 0.133333 0.2
 0 0 0 0.5 0.166667 0.1 0.233333
 0.1 0.233333 0.0666667 0.0666667 0.133333 0.0333333 0.366667
 0 0 0.4 0.2 0.0666667 0.333333 0
 0.0333333 0.0666667 0.0333333 0 0.322222 0.0222222 0.522222
 0.15 0.194444 0.394444 0.0333333 0.15 0.0777778 0
 0.0666667 0 0 0.6 0 0.266667 0.0666667
 0 0 0.0666667 0.2 0.133333 0.1 0.5
 0 0 0 0.633333 0 0.1 0.266667
 0 0 0 0.666667 0.0666667 0.133333 0.133333
 0.0222222 0.166667 0.255556 0 0.0222222 0.2 0.333333
 0 0 0.0888889 0.288889 0 0.455556 0.166667
 0 0 0 0.366667 0.1 0.133333 0.4
 0 0 0.0333333 0.1 0.533333 0.1 0.233333
 0 0.366667 0 0.133333 0 0.133333 0.366667
 0 0 0 0.5 0 0.133333 0.366667
 0.188889 0.0666667 0.222222 0 0.455556 0 0.0666667
 0 0.266667 0 0.422222 0 0.0222222 0.288889
 0 0 0 0.466667 0 0.266667 0.266667
 0.2 0 0.488889 0.0666667 0.222222 0.0222222 0
 0.0166667 0.25 0.116667 0 0.55 0 0.0666667
 0 0.0666667 0.0666667 0 0.633333 0.0666667 0.166667
 0 0 0.133333 0.166667 0.1 0.3 0.3
 0 0.466667 0.333333 0 0.0333333 0.1 0.0666667
 0 0.0666667 0.3 0.3 0.1 0.0666667 0.166667
 0 0.0666667 0.0666667 0.222222 0.266667 0.155556 0.222222
 0 0 0 0.6 0.0333333 0.233333 0.133333
 0.166667 0.366667 0 0.0666667 0.0333333 0.0666667 0.3
 0.0333333 0 0 0.4 0 0.333333 0.233333
 0 0 0.0666667 0.555556 0.0888889 0.188889 0.1
 0 0.0666667 0 0.633333 0 0.1 0.2
 0.133333 0.166667 0.166667 0.133333 0.0666667 0.233333 0.1
 0 0 0.0666667 0.566667 0.0333333 0.133333 0.2
 0 0 0 0.366667 0.2 0.166667 0.266667
 0.0666667 0.266667 0.333333 0.0666667 0.166667 0 0.1
 0 0 0.0666667 0.366667 0 0.2 0.366667
 0.122222 0.0666667 0.555556 0 0.188889 0 0.0666667
 0.333333 0 0.533333 0 0.133333 0 0
 0 0 0.133333 0.133333 0.4 0.1 0.233333
 0.1 0.433333 0.0666667 0 0.0666667 0 0.333333
 0.0333333 0.0666667 0.566667 0 0.0666667 0 0.266667
 0.1 0.3 0.433333 0 0.0333333 0.0666667 0.0666667
 0.0666667 0.266667 0.1 0.133333 0.0666667 0.133333 0.233333
 0.366667 0.166667 0.466667 0 0 0 0
 0.0666667 0.166667 0.133333 0.233333 0 0.166667 0.233333
 0 0.0333333 0.3 0.266667 0 0.266667 0.133333
 0.1 0.0222222 0.355556 0.0666667 0.0222222 0.166667 0.266667
 0.333333 0 0.0333333 0 0.566667 0 0.0666667
 0.0666667 0 0 0 0.833333 0 0.1
 0 0 0 0.788889 0 0.0555556 0.155556
 0.133333 0 0.266667 0.0666667 0.2 0.0666667 0.266667
 0 0.133333 0.266667 0.233333 0 0.333333 0.0333333
 0.0666667 0.2 0.133333 0 0.2 0.1 0.3
 0 0.0333333 0.333333 0.233333 0 0.133333 0.266667
 0 0.0666667 0 0.7 0.0666667 0.166667 0
 0 0 0.133333 0.2 0.133333 0.2 0.333333
 0.0666667 0.555556 0 0.133333 0.0888889 0.0222222 0.133333
 0 0 0.222222 0.333333 0.0222222 0.222222 0.2
 0 0 0.1 0.2 0.266667 0 0.433333
 0.0666667 0 0.1 0.366667 0 0.266667 0.2
 0.0666667 0.733333 0.0666667 0 0.0666667 0 0.0666667
 0 0 0.0333333 0.366667 0.0333333 0.166667 0.4
 0 0 0 0.733333 0 0.133333 0.133333
 0 0.0333333 0.166667 0.233333 0 0.5 0.0666667
 0 0 0 0.466667 0.0666667 0.133333 0.333333
 0 0 0.2 0.3 0.2 0 0.3
 0 0 0.0333333 0.388889 0.166667 0.122222 0.288889
 0.1 0.1 0.233333 0 0.233333 0.1 0.233333
 0 0 0.0666667 0.266667 0.133333 0.166667 0.366667
 0.133333 0.133333 0.2 0.0666667 0 0.166667 0.3
 0.0333333 0.0666667 0.0333333 0.433333 0 0.233333 0.2
 0 0 0 0.388889 0 0.288889 0.322222
 0.0666667 0.466667 0 0.0666667 0 0.0666667 0.333333
 0 0.0333333 0 0 0.8 0.1 0.0666667
 0 0.0333333 0 0.466667 0 0.133333 0.366667
 0 0.366667 0.266667 0 0.266667 0 0.1
 0.1 0.1 0.5 0 0 0 0.3
 0 0 0 0.3 0 0.333333 0.366667
 0.222222 0.133333 0.555556 0 0 0 0.0888889
 0 0.466667 0.266667 0 0.0666667 0 0.2
 0.0333333 0 0.233333 0.3 0.133333 0.2 0.1
 0 0.666667 0.2 0 0.0666667 0 0.0666667
 0 0 0 0.6 0 0.133333 0.266667
 0.0333333 0.0333333 0.133333 0 0.733333 0 0.0666667
 0 0 0 0.533333 0 0.266667 0.2
 0 0 0.266667 0.0333333 0 0.3 0.4
 0 0 0.0666667 0.566667 0 0.1 0.266667
 0 0.1 0.233333 0.0222222 0.488889 0.0666667 0.0888889
 0 0 0.133333 0.4 0 0.2 0.266667
 0.1 0.0333333 0.233333 0.0666667 0.366667 0 0.2
 0.0666667 0.0666667 0.2 0.133333 0.0666667 0.133333 0.333333
 0.238889 0.116667 0.372222 0 0.272222 0 0
 0.333333 0.166667 0.366667 0 0 0 0.133333
 0.0222222 0.1 0.355556 0 0.322222 0 0.2
 0.0666667 0 0 0.233333 0.0666667 0.0666667 0.566667
 0 0 0.0666667 0.666667 0 0 0.266667
 0.0333333 0 0.0222222 0.366667 0.222222 0.0666667 0.288889
 0 0.322222 0.0666667 0.0555556 0.0666667 0.155556 0.333333
 0.0666667 0.0666667 0.0333333 0.0666667 0.555556 0.122222 0.0888889
 0 0.133333 0.0666667 0.5 0 0.1 0.2
 0.0666667 0.2 0 0 0.0666667 0.0666667 0.6
 0 0 0 0.755556 0 0.222222 0.0222222
 0.0666667 0 0.466667 0.133333 0.0333333 0.166667 0.133333
 0 0 0 0.466667 0.0333333 0.366667 0.133333
 0 0.266667 0.0333333 0 0.133333 0.133333 0.433333
 0 0 0.0333333 0 0.9 0 0.0666667
 0 0.0666667 0.0333333 0.366667 0.0333333 0.233333 0.266667
 0.0666667 0.1 0 0.733333 0 0.1 0
 0 0.0222222 0.0666667 0.288889 0 0.0888889 0.533333
 0.133333 0.466667 0 0 0.2 0 0.2
 0 0 0 0.3 0.0666667 0.1 0.533333
 0.0222222 0.166667 0.0888889 0 0.655556 0 0.0666667
 0 0 0.0333333 0.666667 0 0.166667 0.133333
 0 0 0 0.666667 0 0.133333 0.2
 0 0 0.355556 0 0.355556 0.133333 0.155556
 0.1 0.0666667 0.0666667 0.166667 0.366667 0.0333333 0.2
 0 0.166667 0.433333 0.0222222 0.155556 0 0.222222
 0.388889 0.0222222 0.0666667 0.0888889 0.0222222 0.166667 0.244444
 0 0 0 0.466667 0 0.3 0.233333
 0 0.0222222 0 0.622222 0.0888889 0.0333333 0.233333
 0 0 0.1 0.266667 0.0666667 0.333333 0.233333
 0 0 0.133333 0.133333 0.5 0.0333333 0.2
 0 0.1 0 0.433333 0.0666667 0.166667 0.233333
 0 0.133333 0 0.333333 0.133333 0.133333 0.266667
 0.0333333 0.633333 0.0333333 0.0666667 0.1 0 0.133333
 0.205556 0.172222 0.605556 0 0 0.0166667 0
 0 0 0 0.333333 0.2 0.166667 0.3
 0.0888889 0.288889 0.133333 0.2 0 0.222222 0.0666667
 0.0555556 0.488889 0.133333 0 0.133333 0.0555556 0.133333
 0 0.105556 0.05 0.133333 0.538889 0.0388889 0.133333
 0 0.0666667 0 0.766667 0 0.166667 0
 0 0 0.566667 0.1 0 0.266667 0.0666667
 0.1 0.366667 0.133333 0 0.0666667 0 0.333333
 0.0888889 0.2 0.622222 0 0 0.0888889 0
 0.133333 0.0222222 0.422222 0 0.0333333 0.188889 0.2
 0 0 0 0.633333 0.0666667 0.1 0.2
 0.0333333 0.0666667 0.2 0 0.4 0.166667 0.133333
 0.255556 0.144444 0.511111 0 0 0.0222222 0.0666667
 0 0.0666667 0 0.3 0 0.3 0.333333
 0 0.0666667 0 0.2 0.166667 0.133333 0.433333
 0 0 0 0.388889 0 0.322222 0.288889
 0 0 0.0666667 0.233333 0 0.2 0.5
 0 0.366667 0.0666667 0 0.2 0.0333333 0.333333
 0 0 0 0.5 0.0333333 0.366667 0.1
 0.08 0.0466667 0.08 0.0666667 0.513333 0.08 0.133333
 0.322222 0.222222 0.433333 0 0 0.0222222 0
 0.0666667 0.0666667 0.0888889 0.255556 0.1 0.255556 0.166667
 0 0 0 0.533333 0.0666667 0.2 0.2
 0 0 0.266667 0.166667 0.2 0.1 0.266667
 0 0 0.0222222 0.655556 0 0.255556 0.0666667
 0.0333333 0.355556 0.0666667 0.0666667 0.122222 0.0222222 0.333333
 0 0.0666667 0.5 0.0666667 0.0666667 0.266667 0.0333333
 0 0 0.255556 0.388889 0.0333333 0.288889 0.0333333
 0.1 0 0.233333 0.166667 0.0666667 0.433333 0
 0 0 0 0.666667 0 0.266667 0.0666667
 0 0 0 0.5 0 0.333333 0.166667
 0 0.0333333 0.0666667 0 0.766667 0.133333 0
 0.0333333 0.766667 0 0 0.0333333 0.0666667 0.1
 0.1 0.2 0.1 0.1 0.0666667 0.3 0.133333
 0 0.0666667 0 0.422222 0 0.288889 0.222222
 0 0.0666667 0 0.4 0.4 0.0666667 0.0666667
 0.0333333 0.0333333 0.488889 0.122222 0.0333333 0.0555556 0.233333
 0.0333333 0.2 0 0.433333 0 0.0666667 0.266667
 0.0222222 0.0333333 0.155556 0.366667 0.188889 0.133333 0.1
 0.0333333 0.433333 0.333333 0 0.0666667 0.0666667 0.0666667
 0 0.3 0.355556 0 0.122222 0.0666667 0.155556
 0 0 0 0.9 0 0.0333333 0.0666667
 0.0666667 0 0.2 0 0.666667 0 0.0666667
 0 0 0 0.733333 0 0.166667 0.1
 0.2 0.155556 0.277778 0.0222222 0.111111 0.0333333 0.2
 0 0 0 0.666667 0 0.1 0.233333
 0 0.0666667 0.222222 0.0666667 0.188889 0.222222 0.233333
 0 0 0.7 0 0.0666667 0.2 0.0333333
 0 0.0666667 0.0666667 0.1 0.0666667 0 0.7
 0 0.0666667 0 0 0.666667 0.0666667 0.2
 0.133333 0.1 0.0333333 0 0.6 0.0666667 0.0666667
 0 0 0.0666667 0.3 0.0666667 0.333333 0.233333
 0 0 0.0666667 0.5 0 0.266667 0.166667
 0 0 0.0666667 0.466667 0 0.0666667 0.4
  0.133333 0 0.266667 0.2 0 0.166667 0.233333
 0 0.133333 0.233333 0.0666667 0.2 0.133333 0.233333
 0 0.2 0.166667 0.0666667 0.0666667 0.266667 0.233333
 0 0 0.1 0 0.733333 0 0.166667
 0 0.133333 0 0.4 0.133333 0.1 0.233333
 0 0.133333 0 0.666667 0.0666667 0 0.133333
 0 0 0.166667 0.266667 0.3 0 0.266667
 0 0 0 0.266667 0.2 0.0666667 0.466667
 0 0.3 0.366667 0 0 0 0.333333
 0.0666667 0 0 0.5 0 0.266667 0.166667
 0 0.166667 0.4 0 0.166667 0.0666667 0.2
 0 0.0333333 0.0333333 0.4 0.0333333 0.4 0.1
 0 0 0.0666667 0.4 0 0.266667 0.266667
 0 0 0 0.0666667 0.433333 0.1 0.4
 0 0.0666667 0.133333 0 0.0333333 0.4 0.366667
 0 0.266667 0.0666667 0.166667 0.0666667 0.266667 0.166667
 0 0 0.333333 0.2 0.0666667 0.133333 0.266667
 0.0333333 0.1 0.3 0.0333333 0.233333 0.166667 0.133333
 0 0.0666667 0.2 0.0666667 0.133333 0.0666667 0.466667
 0.1 0 0.133333 0.466667 0.0333333 0.133333 0.133333
 0 0 0.0666667 0.322222 0.188889 0.0888889 0.333333
 0.155556 0.1 0.488889 0.0666667 0.166667 0.0222222 0
 0.0333333 0.166667 0.266667 0 0.133333 0.0666667 0.333333
 0.0666667 0.233333 0 0.5 0 0.0666667 0.133333
 0.111111 0.422222 0.244444 0 0.0888889 0 0.133333
 0.1 0 0.366667 0.133333 0.266667 0.133333 0
 0 0 0 0.766667 0 0.0666667 0.166667
 0 0 0 0.566667 0 0.0666667 0.366667
 0 0 0 0.488889 0 0.155556 0.355556
 0 0 0.333333 0.233333 0.0666667 0.2 0.166667
 0.0666667 0.0666667 0.166667 0 0.0666667 0.0666667 0.566667
 0 0 0 0.633333 0 0.0666667 0.3
 0 0.533333 0.0222222 0.0888889 0.0888889 0.0222222 0.244444
 0 0 0.533333 0 0.0666667 0.2 0.2
 0.0666667 0.166667 0.0555556 0.0333333 0.355556 0.0333333 0.288889
 0 0 0.0222222 0.622222 0.0666667 0.0222222 0.266667
 0 0 0.0333333 0.333333 0.2 0.166667 0.266667
 0 0.0666667 0 0.0333333 0.666667 0.1 0.133333
 0 0.0666667 0.0888889 0 0.322222 0.188889 0.333333
 0 0 0.0666667 0.6 0.133333 0.2 0
 0 0.5 0 0.166667 0.0333333 0.0333333 0.266667
 0.416667 0.183333 0.0166667 0.1 0.116667 0.1 0.0666667
 0.0666667 0 0 0.233333 0.0333333 0.5 0.166667
 0.155556 0.0666667 0.0888889 0.433333 0.0666667 0.0888889 0.1
 0.122222 0.233333 0.122222 0.133333 0.155556 0 0.233333
 0 0 0.0666667 0.666667 0.0666667 0.133333 0.0666667
 0.122222 0.522222 0.0333333 0 0.188889 0 0.133333
 0.0666667 0 0 0.533333 0 0.333333 0.0666667
 0.0166667 0.0833333 0.25 0 0.65 0 0
 0 0 0 0.733333 0 0.2 0.0666667
 0 0.0666667 0.266667 0 0.566667 0.0333333 0.0666667
 0 0.0666667 0.0666667 0.3 0 0.2 0.366667
 0.488889 0.1 0.188889 0 0.122222 0.0333333 0.0666667
 0 0 0.466667 0.1 0.1 0.1 0.233333
 0.1 0.533333 0 0 0.133333 0 0.233333
 0 0.0222222 0.0222222 0.488889 0 0.233333 0.233333
 0.0222222 0 0.377778 0.122222 0.122222 0.122222 0.233333
 0.0222222 0.372222 0.194444 0 0.394444 0.0166667 0
 0.0166667 0.0222222 0.205556 0 0.605556 0.05 0.1
 0.0777778 0.0333333 0.411111 0 0.477778 0 0
 0 0.0333333 0 0.5 0 0.133333 0.333333
 0 0.0333333 0.1 0.4 0 0.2 0.266667
 0 0.166667 0.3 0.0222222 0 0.155556 0.355556
 0.0666667 0.0666667 0 0.0333333 0.666667 0.0333333 0.133333
 0.0666667 0.1 0 0.0333333 0.566667 0.1 0.133333
 0 0 0 0.255556 0.2 0.122222 0.422222
 0 0 0 0.466667 0.0666667 0.233333 0.233333
 0 0 0.0666667 0.433333 0.0666667 0.166667 0.266667
 0 0.5 0.0333333 0.0333333 0.1 0.0333333 0.3
 0 0 0.2 0.1 0.266667 0.0333333 0.4
 0 0 0.0333333 0.466667 0 0.1 0.4
 0 0 0 0.533333 0.0666667 0.233333 0.166667
 0.1 0.0666667 0.133333 0 0.566667 0 0.133333
 0.0333333 0.233333 0.333333 0 0.166667 0 0.233333
 0.0222222 0.0666667 0.0888889 0 0.822222 0 0
 0 0 0.2 0.166667 0.133333 0.166667 0.333333
 0.0333333 0.2 0.233333 0 0.166667 0.0666667 0.3
 0.0333333 0 0.3 0.133333 0 0.333333 0.2
 0 0 0 0.666667 0.0333333 0.133333 0.166667
 0 0 0.0333333 0.5 0.0333333 0.233333 0.2
 0.1 0.666667 0 0 0.0666667 0 0.166667
 0.233333 0.255556 0.166667 0.0555556 0.1 0.0333333 0.155556
 0.0444444 0.0444444 0.122222 0 0.788889 0 0
 0 0.0666667 0 0.322222 0 0.122222 0.488889
 0 0.0666667 0.166667 0.122222 0.1 0.255556 0.288889
 0.0888889 0.155556 0 0.188889 0 0.211111 0.355556
 0.0333333 0.05 0.75 0 0.15 0 0.0166667
 0.0333333 0.0222222 0 0 0.922222 0 0.0222222
 0 0.0888889 0.0666667 0.511111 0 0.111111 0.222222
 0 0 0 0.755556 0 0.188889 0.0555556
 0 0 0 0.788889 0 0.122222 0.0888889
 0 0 0.288889 0.0666667 0.122222 0.222222 0.3
 0 0 0.0333333 0.488889 0 0.122222 0.355556
 0 0.377778 0.388889 0 0.0888889 0.0777778 0.0666667
 0.0388889 0.05 0.0722222 0 0.772222 0 0.0666667
 0 0 0.0333333 0.233333 0.0333333 0.4 0.3
 0 0.0333333 0.0333333 0.366667 0.166667 0.0333333 0.366667
 0 0 0 0.433333 0 0.133333 0.433333
 0.133333 0.6 0 0.0666667 0.133333 0 0.0666667
 0.0666667 0.0333333 0 0.233333 0.366667 0.166667 0.133333
 0.0666667 0 0.433333 0.0666667 0.166667 0.266667 0
 0.1 0.488889 0.0888889 0.0666667 0.155556 0.0333333 0.0666667
 0 0.1 0.133333 0 0.633333 0 0.133333
 0 0.0666667 0 0.566667 0 0.0666667 0.3
 0 0 0.166667 0.166667 0 0.4 0.266667
 0 0.0666667 0.0666667 0.533333 0.0666667 0.233333 0.0333333
 0 0 0 0.8 0 0.166667 0.0333333
 0 0.0666667 0 0.433333 0.133333 0.0666667 0.3
 0 0 0 0.633333 0 0.233333 0.133333
 0 0.2 0.322222 0.0666667 0.188889 0.122222 0.1
 0 0 0.0333333 0.0666667 0.733333 0.0333333 0.133333
 0 0 0.0333333 0.322222 0.0666667 0.322222 0.255556
 0.0555556 0.433333 0.288889 0 0.188889 0.0333333 0
 0.0777778 0.166667 0.211111 0.0666667 0.277778 0 0.2
 0.0333333 0.283333 0.05 0 0.55 0.0166667 0.0666667
 0.1 0 0.4 0.0333333 0.0666667 0.266667 0.133333
 0.0888889 0 0.133333 0.466667 0 0.222222 0.0888889
 0 0 0 0.766667 0 0.0666667 0.166667
 0.0333333 0.455556 0.0666667 0.155556 0.0666667 0.133333 0.0888889
 0 0 0.133333 0 0.866667 0 0
 0.0333333 0 0.0333333 0.455556 0.0666667 0.288889 0.122222
 0 0.133333 0.233333 0.155556 0.0666667 0.322222 0.0888889
 0.0666667 0.1 0.4 0 0 0.133333 0.3
 0.0333333 0.1 0.3 0.0666667 0.355556 0.0222222 0.122222
 0 0 0 0.9 0 0.0333333 0.0666667
 0 0.0666667 0.155556 0.166667 0.355556 0.0333333 0.222222
 0.0222222 0.366667 0.0222222 0.0666667 0.388889 0.0666667 0.0666667
 0.0333333 0.1 0.633333 0.0666667 0 0.0666667 0.1
 0.0333333 0 0.166667 0 0.8 0 0
 0 0 0.0666667 0.5 0.0666667 0.2 0.166667
 0 0.0333333 0.233333 0.166667 0.0333333 0.166667 0.366667
 0 0 0.166667 0.433333 0 0.233333 0.166667
 0.0666667 0 0.0333333 0.366667 0.2 0.1 0.233333
 0.0222222 0.0333333 0.0555556 0 0.788889 0 0.1
 0 0.455556 0.255556 0.0222222 0.166667 0.1 0
 0.0666667 0.25 0.55 0 0.1 0.0166667 0.0166667
 0 0 0.133333 0.466667 0 0.2 0.2
 0 0 0.0333333 0 0.766667 0 0.2
 0 0.0666667 0.433333 0.133333 0.133333 0.0666667 0.166667
 0.2 0 0.2 0.166667 0.0333333 0.1 0.3
 0 0 0 0.766667 0 0.166667 0.0666667
 0.0888889 0.0222222 0.0888889 0.0666667 0.266667 0 0.466667
 0 0 0 0.766667 0 0.233333 0
 0 0.0333333 0 0.133333 0.3 0 0.533333
 0.0666667 0.266667 0.133333 0.1 0 0.1 0.333333
 0 0 0 0.233333 0.0333333 0.266667 0.466667
 0 0.4 0 0.0666667 0.4 0.0666667 0.0666667
 0.1 0.166667 0.2 0.0333333 0.0666667 0.166667 0.266667
 0.366667 0.0333333 0.133333 0.0666667 0 0.0666667 0.333333
 0 0.166667 0.133333 0 0.1 0.0666667 0.533333
 0.233333 0.1 0.366667 0 0.0333333 0.2 0.0666667
 0 0 0.0333333 0 0.833333 0.0666667 0.0666667
 0 0 0 0.833333 0 0.166667 0
 0.0666667 0 0.133333 0.1 0.5 0.0333333 0.166667
 0.0333333 0.0666667 0.1 0.0333333 0.4 0 0.366667
 0.0666667 0.2 0 0.0666667 0 0.2 0.466667
 0.1 0.111111 0.488889 0 0.0555556 0.188889 0.0555556
 0 0 0 0.633333 0.0666667 0.166667 0.133333
 0 0.0666667 0.166667 0.2 0 0.266667 0.3
 0.0333333 0.3 0.0666667 0.266667 0 0.0666667 0.266667
 0 0 0.133333 0.366667 0.133333 0.233333 0.133333
 0 0.0666667 0.0666667 0.6 0 0.266667 0
 0 0 0 0.533333 0 0.166667 0.3
 0 0.0333333 0.0666667 0.266667 0 0.266667 0.366667
 0 0.0888889 0.0222222 0 0.755556 0.0666667 0.0666667
 0 0.0222222 0.188889 0.233333 0.0222222 0.333333 0.2
 0 0 0.0666667 0.366667 0.0333333 0.3 0.233333
 0.0666667 0.0333333 0.255556 0.0222222 0.0555556 0.266667 0.3
 0.2 0.655556 0.0222222 0 0.0222222 0 0.1
 0 0.722222 0.0222222 0 0.0222222 0.0666667 0.166667
 0 0 0.216667 0.316667 0.0166667 0.3 0.15
 0 0.0666667 0.0333333 0.433333 0.133333 0.0666667 0.266667
 0.246667 0.0133333 0.146667 0 0.38 0.146667 0.0666667
 0.0666667 0.166667 0.0666667 0.266667 0.0666667 0 0.366667
 0 0.0333333 0.133333 0.3 0 0.266667 0.266667
 0.0666667 0 0 0.233333 0.0333333 0.0666667 0.6
 0.0333333 0.188889 0.155556 0 0.488889 0.133333 0
 0.133333 0 0.0666667 0.455556 0 0.188889 0.155556
 0.133333 0.4 0.166667 0 0.166667 0.0666667 0.0666667
 0.133333 0.0666667 0.433333 0.0333333 0 0.266667 0.0666667
 0 0 0 0.5 0.0666667 0.166667 0.266667
 0 0 0.366667 0.0666667 0.233333 0.0666667 0.266667
 0 0.1 0.0666667 0.3 0.366667 0.1 0.0666667
 0 0.366667 0.2 0 0.3 0 0.133333
 0 0 0 0.833333 0 0.166667 0
 0.116667 0.283333 0.383333 0 0.15 0 0.0666667
 0 0 0 0.788889 0 0.0555556 0.155556
 0 0.0222222 0.155556 0.0666667 0.0222222 0 0.733333
 0 0.388889 0.388889 0 0.155556 0 0.0666667
 0.0333333 0.0222222 0.233333 0.122222 0.1 0.355556 0.133333
 0 0 0 0.6 0.0333333 0.2 0.166667
 0.0833333 0.05 0.383333 0.0666667 0.25 0.1 0.0666667
 0.0166667 0.0166667 0.0166667 0.133333 0.45 0.166667 0.2
 0 0 0 0.566667 0.0333333 0.266667 0.133333
 0.0222222 0 0.466667 0.0888889 0.2 0.155556 0.0666667
 0.0555556 0.0222222 0.1 0.0333333 0.655556 0.0666667 0.0666667
 0.0333333 0.388889 0.133333 0.0888889 0.0333333 0.0888889 0.233333
 0 0.0222222 0 0.522222 0 0.255556 0.2
 0.0666667 0.233333 0.2 0 0.0333333 0.133333 0.333333
 0.122222 0.0666667 0.388889 0 0.255556 0 0.166667
 0.0166667 0.15 0.105556 0.0333333 0.338889 0.188889 0.166667
 0.0333333 0.133333 0.122222 0.2 0.0555556 0.188889 0.266667
 0 0.0666667 0 0.666667 0 0.133333 0.133333
 0 0 0.188889 0.266667 0.1 0.222222 0.222222
 0 0.122222 0.211111 0 0.511111 0.0888889 0.0666667
 0 0 0.266667 0.0666667 0 0.366667 0.3
 0 0 0.244444 0.311111 0 0.344444 0.1
 0 0 0.0666667 0.633333 0 0.133333 0.166667
 0 0 0 0.8 0 0.0666667 0.133333
 0.0888889 0 0.122222 0.0666667 0.555556 0.0666667 0.1
 0 0 0 0.466667 0 0.533333 0
 0.0333333 0.0666667 0.0666667 0.233333 0.133333 0.3 0.166667
 0.1 0.233333 0 0.222222 0.0666667 0.0888889 0.288889
 0 0 0 0.7 0 0.166667 0.133333
 0.0666667 0 0.222222 0.188889 0 0.522222 0
 0 0 0.5 0.0666667 0 0.233333 0.2
 0.1 0 0.0666667 0.266667 0.133333 0.0333333 0.4
 0.111111 0.411111 0.0888889 0.0666667 0.266667 0.0222222 0.0333333
 0.0222222 0.0222222 0.266667 0 0.655556 0.0333333 0
 0.0666667 0.0833333 0.45 0.0833333 0.0333333 0.116667 0.166667
 0.2 0.0222222 0.0333333 0 0.522222 0 0.222222
 0.0888889 0.455556 0.188889 0 0.0666667 0.0666667 0.133333
 0 0 0 0.266667 0.0666667 0.2 0.466667
 0.0222222 0.0222222 0 0.3 0 0.455556 0.2
 0.205556 0.172222 0.394444 0 0.0944444 0 0.133333
 0.0166667 0.0833333 0.0833333 0.372222 0 0.255556 0.188889
 0.388889 0.266667 0.255556 0 0.0666667 0.0222222 0
 0 0.333333 0.0333333 0.233333 0.133333 0 0.266667
 0 0.133333 0 0.233333 0.0666667 0.2 0.366667
 0 0 0.266667 0.0333333 0.0666667 0.166667 0.466667
 0 0 0.0555556 0 0.722222 0 0.222222
 0 0 0.0666667 0.333333 0.0666667 0.433333 0.1
 0.0222222 0.0222222 0.155556 0 0.766667 0 0.0333333
 0.0666667 0.0666667 0 0.533333 0 0.166667 0.166667
 0 0.155556 0.333333 0.0222222 0.2 0.0888889 0.2
 0.0666667 0 0.2 0.3 0 0.433333 0
 0 0.2 0 0.2 0 0.233333 0.366667
 0.0222222 0.133333 0.0888889 0 0.355556 0.1 0.3
 0.0888889 0.355556 0.0666667 0.0888889 0.266667 0.111111 0.0222222
 0 0.2 0.455556 0.122222 0 0.155556 0.0666667
 0.188889 0.488889 0.0666667 0.0333333 0.0333333 0.0222222 0.166667
 0 0.333333 0.266667 0 0.1 0.0333333 0.266667
 0 0 0 0.433333 0 0.466667 0.1
 0 0 0.0666667 0.666667 0.0333333 0.2 0.0333333
 0 0 0.166667 0 0.833333 0 0
 0.155556 0.0333333 0.622222 0 0.188889 0 0
 0 0 0 0.666667 0.133333 0.1 0.1
 0 0.0666667 0.0666667 0.266667 0.0666667 0.133333 0.4
 0.0666667 0.4 0 0.1 0.133333 0.0666667 0.233333
 0 0.155556 0.344444 0 0.477778 0 0.0222222
 0 0.0666667 0.6 0.166667 0 0.133333 0.0333333
 0 0 0 0.7 0.0666667 0.233333 0
 0.0222222 0 0.155556 0.1 0.2 0.0888889 0.433333
 0 0.0555556 0.0333333 0 0.888889 0.0222222 0
 0 0 0 0.666667 0 0.266667 0.0666667
 0 0.0666667 0.0666667 0.388889 0.0666667 0.255556 0.155556
 0.0166667 0.0833333 0.15 0 0.0666667 0.0833333 0.6
 0.177778 0.155556 0.133333 0.0222222 0.0222222 0.0222222 0.466667
 0.0222222 0.0666667 0.422222 0 0.155556 0.111111 0.222222
 0 0 0.266667 0.0666667 0.122222 0.0888889 0.455556
 0.0333333 0.244444 0.388889 0.0666667 0.0222222 0.0444444 0.2
 0.0555556 0.2 0.188889 0 0.188889 0.0666667 0.3
 0.2 0.0666667 0.133333 0.133333 0.0333333 0.0333333 0.4
 0 0.233333 0 0 0.133333 0.1 0.533333
 0 0.0666667 0 0.366667 0 0.366667 0.2
 0.0333333 0.222222 0.422222 0 0.322222 0 0
 0 0.1 0.533333 0 0.133333 0.0666667 0.166667
 0 0 0 0.466667 0 0.366667 0.166667
 0.0333333 0 0.133333 0.2 0 0.2 0.433333
 0 0 0 0.433333 0 0.433333 0.133333
 0 0 0.6 0 0 0.0666667 0.333333
 0 0.0333333 0.0666667 0.633333 0 0.0666667 0.2
 0 0.233333 0.1 0 0.333333 0.0666667 0.266667
 0.166667 0 0.4 0.133333 0 0.166667 0.133333
 0.0333333 0.0666667 0.533333 0 0 0.133333 0.233333
 0 0 0 0.433333 0 0.266667 0.3
 0.0333333 0.5 0.266667 0.0666667 0 0.0666667 0.0666667
 0 0.0333333 0.133333 0.0333333 0.7 0 0.1
 0.0333333 0 0.1 0.233333 0.233333 0 0.4
 0 0.422222 0.455556 0 0.1 0.0222222 0
 0 0 0 0.522222 0 0.222222 0.255556
 0 0 0.1 0.266667 0 0.333333 0.3
 0.0166667 0.0166667 0.883333 0 0.0833333 0 0
 0 0.155556 0.0555556 0.0666667 0.622222 0.0333333 0.0666667
 0.322222 0.0333333 0.488889 0.0666667 0.0222222 0 0.0666667
 0 0 0.0666667 0.7 0 0.233333 0
 0.0666667 0.133333 0 0 0.433333 0.0666667 0.3
 0 0 0 0.866667 0.0666667 0 0.0666667
 0 0 0.0555556 0.266667 0.1 0.155556 0.422222
 0 0 0 0.588889 0 0.155556 0.255556
 0.0833333 0.0166667 0.205556 0.366667 0.105556 0.122222 0.1
 0 0 0.0666667 0.788889 0 0.0222222 0.122222
 0 0 0.0222222 0.366667 0.0666667 0.122222 0.422222
 0 0 0.133333 0 0.633333 0 0.233333
 0.1 0.733333 0 0 0.0666667 0.0666667 0.0333333
 0 0.6 0 0 0 0.1 0.3
 0 0.1 0.666667 0 0.0333333 0.0666667 0.133333
 0.0666667 0.266667 0.466667 0.0333333 0.0666667 0.1 0
 0 0.0666667 0.2 0.166667 0.2 0.0333333 0.333333
 0 0 0 0.366667 0.0333333 0.3 0.3
 0 0 0.566667 0.0888889 0.255556 0 0.0888889
 0.0333333 0 0.0333333 0.0666667 0.8 0 0.0666667
 0.0555556 0.0888889 0.0333333 0.0333333 0.655556 0 0.133333
 0.0666667 0.0666667 0.266667 0.111111 0.0333333 0.344444 0.111111
 0 0 0.166667 0.133333 0.0666667 0.4 0.233333
 0 0 0 0.355556 0.122222 0.2 0.322222
 0.138889 0.183333 0.305556 0 0.238889 0 0.133333
 0 0.0333333 0.1 0.133333 0.433333 0.0666667 0.233333
 0.266667 0.0666667 0.4 0.133333 0 0 0.133333
 0.0333333 0.266667 0.0333333 0.0333333 0.2 0.0333333 0.4
 0.0666667 0.0666667 0 0.4 0 0.233333 0.233333
 0.0666667 0.6 0.2 0 0 0 0.133333
 0.0333333 0 0.0333333 0.633333 0 0.0666667 0.233333
 0.0666667 0 0.422222 0.0555556 0.0333333 0.2 0.222222
 0.0666667 0.366667 0.1 0.0666667 0 0 0.4
 0.0222222 0.0222222 0.1 0.0666667 0.522222 0 0.266667
 0 0 0 0.4 0 0.266667 0.333333
 0.0333333 0.0222222 0.5 0.155556 0 0.0888889 0.2
 0 0 0.288889 0.388889 0.0666667 0.188889 0.0666667
 0 0 0.0333333 0.666667 0 0.233333 0.0666667
 0 0 0 0.433333 0 0.5 0.0666667
 0 0 0.155556 0.622222 0 0.188889 0.0333333
 0 0.0666667 0.0666667 0.466667 0 0.233333 0.166667
 0.0222222 0.305556 0.338889 0.116667 0 0.116667 0.1
 0 0.0666667 0.0666667 0.466667 0.166667 0.0666667 0.166667
 0 0.0666667 0.0333333 0.633333 0 0.133333 0.133333
 0 0.0666667 0.166667 0.233333 0.2 0 0.333333
 0.0555556 0 0.0888889 0 0.855556 0 0
 0.0333333 0.666667 0.166667 0.0333333 0.0333333 0 0.0666667
 0 0 0.0666667 0.7 0 0.133333 0.1
 0.0333333 0.233333 0.0333333 0 0.266667 0.1 0.333333
 0 0.0333333 0.155556 0.322222 0.133333 0.188889 0.166667
 0.0333333 0.466667 0.133333 0 0.2 0 0.166667
 0.0666667 0.355556 0.155556 0 0.255556 0.0333333 0.133333
 0.0333333 0 0.7 0.0333333 0 0.233333 0
 0 0 0.266667 0.333333 0.1 0.233333 0.0666667
 0 0.0222222 0.0222222 0 0.688889 0 0.266667
 0 0.166667 0.0666667 0.0333333 0.3 0.233333 0.2
 0 0 0 0.766667 0 0.166667 0.0666667
 0 0 0.0666667 0 0.933333 0 0
 0.0666667 0.0666667 0.0666667 0.466667 0 0.166667 0.166667
 0 0 0.233333 0.3 0.1 0.3 0.0666667
 0.1 0.155556 0.688889 0 0.0555556 0 0
 0 0 0 0.266667 0.0666667 0.233333 0.433333
 0 0 0 0.566667 0 0.166667 0.266667
 0 0.166667 0.0666667 0.133333 0.266667 0.133333 0.233333
 0 0 0 0.666667 0 0.2 0.133333
 0 0 0.1 0.0666667 0.733333 0.0666667 0.0333333
 0 0.0666667 0.5 0.133333 0.0666667 0.166667 0.0666667
 0 0 0.333333 0.1 0.1 0 0.466667
 0.133333 0.333333 0.0666667 0.0666667 0.166667 0.166667 0.0666667
 0 0.0333333 0.2 0 0.766667 0 0
 0.0666667 0.133333 0.0666667 0 0 0.133333 0.6
 0.0666667 0.0333333 0.133333 0.233333 0.0333333 0.2 0.3
 0 0.0666667 0 0.466667 0 0.2 0.266667
 0 0 0 0.666667 0 0.133333 0.2
 0 0.0666667 0 0.6 0.0666667 0 0.266667
 0 0 0 0.533333 0 0.0666667 0.4
 0 0 0 0.666667 0 0 0.333333
 0.3 0.0666667 0 0.2 0.166667 0 0.266667
 0.0666667 0.0888889 0.388889 0.0222222 0.177778 0 0.255556
 0.0722222 0.305556 0.405556 0 0.0833333 0.0666667 0.0666667
 0.122222 0.511111 0.288889 0 0.0444444 0.0333333 0
 0 0 0.0666667 0.655556 0 0.155556 0.122222
 0.1 0.0333333 0.633333 0.0666667 0 0.133333 0.0333333
 0.0666667 0.0666667 0.366667 0.166667 0.0333333 0.0666667 0.233333
 0.0333333 0.2 0.166667 0 0.466667 0 0.133333
 0 0 0.0666667 0.666667 0 0.233333 0.0333333
 0.111111 0.222222 0.277778 0.1 0.0222222 0.0666667 0.2
 0.0333333 0.0333333 0.1 0.0666667 0.533333 0 0.233333
 0 0.166667 0.3 0.0333333 0.333333 0.0333333 0.133333
 0 0.0666667 0.133333 0 0.666667 0 0.133333
 0 0 0 0.622222 0 0.188889 0.188889
 0 0.0666667 0.0333333 0.255556 0 0.322222 0.322222
 0 0 0 0.622222 0 0.155556 0.222222
 0.0333333 0.333333 0.3 0 0.0666667 0 0.266667
 0.1 0.3 0.266667 0.0333333 0.0666667 0.0333333 0.2
 0 0.133333 0.233333 0.0666667 0.133333 0.0333333 0.4
 0.133333 0.233333 0.2 0.2 0.0666667 0 0.166667
 0 0 0.0666667 0.266667 0.133333 0.133333 0.4
 0 0.0666667 0.1 0.266667 0 0.266667 0.3
 0.0222222 0.0555556 0.655556 0 0 0.133333 0.133333
 0 0 0.0333333 0.366667 0.0333333 0.3 0.266667
 0 0 0.166667 0.2 0.0666667 0.166667 0.4
 0 0 0.0333333 0.466667 0.0666667 0.3 0.133333
 0 0 0 0.766667 0 0.1 0.133333
 0.0666667 0.5 0.0333333 0 0.0666667 0.0666667 0.266667
 0.122222 0.0555556 0.366667 0.0666667 0.1 0.0888889 0.2
 0 0 0 0.655556 0 0.322222 0.0222222
 0 0 0 0.566667 0 0.333333 0.1
 0.288889 0 0.322222 0.0555556 0.0666667 0.177778 0.0888889
 0 0 0 0.622222 0 0.222222 0.155556
 0.0833333 0.0722222 0.322222 0.0666667 0.305556 0.0166667 0.133333
 0.0222222 0.355556 0.166667 0 0.1 0.0222222 0.333333
 0 0 0 0.722222 0 0.122222 0.155556
 0.0888889 0.122222 0.0222222 0.1 0.3 0.233333 0.133333
 

 